applying method: fitness_weighted
1/675 (5, 1000, 0.1, 2, 6, 1.0, 10, 12, 0.0, 0.0, 0.5, 0.2, 4, 1.0): (1.0, 1.7666666666666666) in 8.96s
2/675 (5, 1000, 0.1, 2, 6, 1.0, 10, 12, 0.0, 0.0, 0.5, 1.0, 4, 1.0): (0.9666666666666667, 1.1333333333333333) in 9.10s
3/675 (5, 1000, 0.1, 2, 6, 1.0, 10, 12, 0.0, 0.0, 0.5, 5.0, 4, 1.0): (1.0, 1.0666666666666667) in 9.46s
4/675 (5, 1000, 0.1, 2, 6, 1.0, 10, 12, 0.0, 0.0, 0.75, 0.2, 4, 1.0): (0.9666666666666667, 1.8666666666666667) in 9.30s
5/675 (5, 1000, 0.1, 2, 6, 1.0, 10, 12, 0.0, 0.0, 0.75, 1.0, 4, 1.0): (1.0, 1.0333333333333334) in 9.35s
6/675 (5, 1000, 0.1, 2, 6, 1.0, 10, 12, 0.0, 0.0, 0.75, 5.0, 4, 1.0): (1.0, 1.0666666666666667) in 8.67s
7/675 (5, 1000, 0.1, 2, 6, 1.0, 10, 12, 0.0, 0.0, 0.9, 0.2, 4, 1.0): (0.9888888888888889, 1.5) in 9.39s
8/675 (5, 1000, 0.1, 2, 6, 1.0, 10, 12, 0.0, 0.0, 0.9, 1.0, 4, 1.0): (1.0, 1.4) in 9.07s
9/675 (5, 1000, 0.1, 2, 6, 1.0, 10, 12, 0.0, 0.0, 0.9, 5.0, 4, 1.0): (0.9333333333333333, 1.1333333333333333) in 8.74s
10/675 (5, 1000, 0.1, 2, 6, 1.0, 10, 12, 0.0, 0.001, 0.5, 0.2, 4, 1.0): (0.9333333333333333, 1.5333333333333334) in 9.50s
11/675 (5, 1000, 0.1, 2, 6, 1.0, 10, 12, 0.0, 0.001, 0.5, 1.0, 4, 1.0): (0.9666666666666667, 1.2) in 9.24s
12/675 (5, 1000, 0.1, 2, 6, 1.0, 10, 12, 0.0, 0.001, 0.5, 5.0, 4, 1.0): (1.0, 1.0666666666666667) in 8.97s
13/675 (5, 1000, 0.1, 2, 6, 1.0, 10, 12, 0.0, 0.001, 0.75, 0.2, 4, 1.0): (0.9666666666666667, 1.6333333333333333) in 9.10s
14/675 (5, 1000, 0.1, 2, 6, 1.0, 10, 12, 0.0, 0.001, 0.75, 1.0, 4, 1.0): (0.9, 1.1666666666666667) in 9.12s
15/675 (5, 1000, 0.1, 2, 6, 1.0, 10, 12, 0.0, 0.001, 0.75, 5.0, 4, 1.0): (1.0, 1.0) in 8.93s
16/675 (5, 1000, 0.1, 2, 6, 1.0, 10, 12, 0.0, 0.001, 0.9, 0.2, 4, 1.0): (1.0, 1.4) in 9.10s
17/675 (5, 1000, 0.1, 2, 6, 1.0, 10, 12, 0.0, 0.001, 0.9, 1.0, 4, 1.0): (1.0, 1.0) in 9.53s
18/675 (5, 1000, 0.1, 2, 6, 1.0, 10, 12, 0.0, 0.001, 0.9, 5.0, 4, 1.0): (1.0, 1.0) in 8.93s
19/675 (5, 1000, 0.1, 2, 6, 1.0, 10, 12, 0.0, 0.01, 0.5, 0.2, 4, 1.0): (1.0, 1.0) in 9.29s
20/675 (5, 1000, 0.1, 2, 6, 1.0, 10, 12, 0.0, 0.01, 0.5, 1.0, 4, 1.0): (1.0, 1.0333333333333334) in 9.50s
21/675 (5, 1000, 0.1, 2, 6, 1.0, 10, 12, 0.0, 0.01, 0.5, 5.0, 4, 1.0): (1.0, 1.0) in 8.83s
22/675 (5, 1000, 0.1, 2, 6, 1.0, 10, 12, 0.0, 0.01, 0.75, 0.2, 4, 1.0): (1.0, 1.0) in 9.69s
23/675 (5, 1000, 0.1, 2, 6, 1.0, 10, 12, 0.0, 0.01, 0.75, 1.0, 4, 1.0): (1.0, 1.0) in 9.73s
24/675 (5, 1000, 0.1, 2, 6, 1.0, 10, 12, 0.0, 0.01, 0.75, 5.0, 4, 1.0): (1.0, 1.0) in 10.55s
25/675 (5, 1000, 0.1, 2, 6, 1.0, 10, 12, 0.0, 0.01, 0.9, 0.2, 4, 1.0): (1.0, 1.1) in 9.38s
26/675 (5, 1000, 0.1, 2, 6, 1.0, 10, 12, 0.0, 0.01, 0.9, 1.0, 4, 1.0): (1.0, 1.0) in 9.36s
27/675 (5, 1000, 0.1, 2, 6, 1.0, 10, 12, 0.0, 0.01, 0.9, 5.0, 4, 1.0): (1.0, 1.0) in 9.30s
28/675 (5, 1000, 0.1, 2, 6, 1.0, 10, 12, 0.0, 0.05, 0.5, 0.2, 4, 1.0): (1.0, 1.0333333333333334) in 10.06s
29/675 (5, 1000, 0.1, 2, 6, 1.0, 10, 12, 0.0, 0.05, 0.5, 1.0, 4, 1.0): (1.0, 1.0) in 9.59s
30/675 (5, 1000, 0.1, 2, 6, 1.0, 10, 12, 0.0, 0.05, 0.5, 5.0, 4, 1.0): (1.0, 1.0) in 8.89s
31/675 (5, 1000, 0.1, 2, 6, 1.0, 10, 12, 0.0, 0.05, 0.75, 0.2, 4, 1.0): (1.0, 1.0) in 10.00s
32/675 (5, 1000, 0.1, 2, 6, 1.0, 10, 12, 0.0, 0.05, 0.75, 1.0, 4, 1.0): (1.0, 1.0) in 9.57s
33/675 (5, 1000, 0.1, 2, 6, 1.0, 10, 12, 0.0, 0.05, 0.75, 5.0, 4, 1.0): (1.0, 1.0) in 9.82s
34/675 (5, 1000, 0.1, 2, 6, 1.0, 10, 12, 0.0, 0.05, 0.9, 0.2, 4, 1.0): (1.0, 1.0) in 9.81s
35/675 (5, 1000, 0.1, 2, 6, 1.0, 10, 12, 0.0, 0.05, 0.9, 1.0, 4, 1.0): (1.0, 1.0) in 9.89s
36/675 (5, 1000, 0.1, 2, 6, 1.0, 10, 12, 0.0, 0.05, 0.9, 5.0, 4, 1.0): (1.0, 1.0) in 9.65s
37/675 (5, 1000, 0.1, 2, 6, 1.0, 10, 12, 0.0, 0.1, 0.5, 0.2, 4, 1.0): (1.0, 1.0) in 10.31s
38/675 (5, 1000, 0.1, 2, 6, 1.0, 10, 12, 0.0, 0.1, 0.5, 1.0, 4, 1.0): (1.0, 1.0) in 9.64s
39/675 (5, 1000, 0.1, 2, 6, 1.0, 10, 12, 0.0, 0.1, 0.5, 5.0, 4, 1.0): (1.0, 1.0) in 9.62s
40/675 (5, 1000, 0.1, 2, 6, 1.0, 10, 12, 0.0, 0.1, 0.75, 0.2, 4, 1.0): (1.0, 1.0) in 10.22s
41/675 (5, 1000, 0.1, 2, 6, 1.0, 10, 12, 0.0, 0.1, 0.75, 1.0, 4, 1.0): (1.0, 1.0) in 10.25s
42/675 (5, 1000, 0.1, 2, 6, 1.0, 10, 12, 0.0, 0.1, 0.75, 5.0, 4, 1.0): (1.0, 1.0) in 10.01s
43/675 (5, 1000, 0.1, 2, 6, 1.0, 10, 12, 0.0, 0.1, 0.9, 0.2, 4, 1.0): (1.0, 1.0) in 10.17s
44/675 (5, 1000, 0.1, 2, 6, 1.0, 10, 12, 0.0, 0.1, 0.9, 1.0, 4, 1.0): (1.0, 1.0) in 10.17s
45/675 (5, 1000, 0.1, 2, 6, 1.0, 10, 12, 0.0, 0.1, 0.9, 5.0, 4, 1.0): (1.0, 1.0) in 9.94s
46/675 (5, 1000, 0.1, 2, 6, 1.0, 10, 12, 0.001, 0.0, 0.5, 0.2, 4, 1.0): (0.9666666666666667, 1.4) in 9.45s
47/675 (5, 1000, 0.1, 2, 6, 1.0, 10, 12, 0.001, 0.0, 0.5, 1.0, 4, 1.0): (1.0, 1.1333333333333333) in 9.45s
48/675 (5, 1000, 0.1, 2, 6, 1.0, 10, 12, 0.001, 0.0, 0.5, 5.0, 4, 1.0): (0.9666666666666667, 1.1666666666666667) in 8.79s
49/675 (5, 1000, 0.1, 2, 6, 1.0, 10, 12, 0.001, 0.0, 0.75, 0.2, 4, 1.0): (1.0, 1.3666666666666667) in 9.23s
50/675 (5, 1000, 0.1, 2, 6, 1.0, 10, 12, 0.001, 0.0, 0.75, 1.0, 4, 1.0): (1.0, 1.0) in 9.07s
51/675 (5, 1000, 0.1, 2, 6, 1.0, 10, 12, 0.001, 0.0, 0.75, 5.0, 4, 1.0): (1.0, 1.0) in 8.81s
52/675 (5, 1000, 0.1, 2, 6, 1.0, 10, 12, 0.001, 0.0, 0.9, 0.2, 4, 1.0): (1.0, 1.8333333333333333) in 9.15s
53/675 (5, 1000, 0.1, 2, 6, 1.0, 10, 12, 0.001, 0.0, 0.9, 1.0, 4, 1.0): (1.0, 1.0) in 9.19s
54/675 (5, 1000, 0.1, 2, 6, 1.0, 10, 12, 0.001, 0.0, 0.9, 5.0, 4, 1.0): (0.9666666666666667, 1.0666666666666667) in 9.05s
55/675 (5, 1000, 0.1, 2, 6, 1.0, 10, 12, 0.001, 0.001, 0.5, 0.2, 4, 1.0): (0.9666666666666667, 1.8666666666666667) in 9.43s
56/675 (5, 1000, 0.1, 2, 6, 1.0, 10, 12, 0.001, 0.001, 0.5, 1.0, 4, 1.0): (0.9666666666666667, 1.1) in 10.28s
57/675 (5, 1000, 0.1, 2, 6, 1.0, 10, 12, 0.001, 0.001, 0.5, 5.0, 4, 1.0): (1.0, 1.0666666666666667) in 9.00s
58/675 (5, 1000, 0.1, 2, 6, 1.0, 10, 12, 0.001, 0.001, 0.75, 0.2, 4, 1.0): (1.0, 1.4333333333333333) in 8.96s
59/675 (5, 1000, 0.1, 2, 6, 1.0, 10, 12, 0.001, 0.001, 0.75, 1.0, 4, 1.0): (0.9666666666666667, 1.2) in 9.12s
60/675 (5, 1000, 0.1, 2, 6, 1.0, 10, 12, 0.001, 0.001, 0.75, 5.0, 4, 1.0): (0.9666666666666667, 1.1333333333333333) in 9.63s
61/675 (5, 1000, 0.1, 2, 6, 1.0, 10, 12, 0.001, 0.001, 0.9, 0.2, 4, 1.0): (1.0, 1.9333333333333333) in 9.30s
62/675 (5, 1000, 0.1, 2, 6, 1.0, 10, 12, 0.001, 0.001, 0.9, 1.0, 4, 1.0): (1.0, 1.0) in 9.26s
63/675 (5, 1000, 0.1, 2, 6, 1.0, 10, 12, 0.001, 0.001, 0.9, 5.0, 4, 1.0): (1.0, 1.0) in 8.83s
64/675 (5, 1000, 0.1, 2, 6, 1.0, 10, 12, 0.001, 0.01, 0.5, 0.2, 4, 1.0): (1.0, 1.0333333333333334) in 9.59s
65/675 (5, 1000, 0.1, 2, 6, 1.0, 10, 12, 0.001, 0.01, 0.5, 1.0, 4, 1.0): (1.0, 1.0) in 10.04s
66/675 (5, 1000, 0.1, 2, 6, 1.0, 10, 12, 0.001, 0.01, 0.5, 5.0, 4, 1.0): (1.0, 1.0333333333333334) in 8.89s
67/675 (5, 1000, 0.1, 2, 6, 1.0, 10, 12, 0.001, 0.01, 0.75, 0.2, 4, 1.0): (1.0, 1.0666666666666667) in 9.58s
68/675 (5, 1000, 0.1, 2, 6, 1.0, 10, 12, 0.001, 0.01, 0.75, 1.0, 4, 1.0): (1.0, 1.0) in 10.66s
69/675 (5, 1000, 0.1, 2, 6, 1.0, 10, 12, 0.001, 0.01, 0.75, 5.0, 4, 1.0): (1.0, 1.0) in 9.66s
70/675 (5, 1000, 0.1, 2, 6, 1.0, 10, 12, 0.001, 0.01, 0.9, 0.2, 4, 1.0): (1.0, 1.0666666666666667) in 9.66s
71/675 (5, 1000, 0.1, 2, 6, 1.0, 10, 12, 0.001, 0.01, 0.9, 1.0, 4, 1.0): (1.0, 1.0) in 9.63s
72/675 (5, 1000, 0.1, 2, 6, 1.0, 10, 12, 0.001, 0.01, 0.9, 5.0, 4, 1.0): (1.0, 1.0) in 9.33s
73/675 (5, 1000, 0.1, 2, 6, 1.0, 10, 12, 0.001, 0.05, 0.5, 0.2, 4, 1.0): (1.0, 1.0) in 9.60s
74/675 (5, 1000, 0.1, 2, 6, 1.0, 10, 12, 0.001, 0.05, 0.5, 1.0, 4, 1.0): (1.0, 1.0) in 9.46s
75/675 (5, 1000, 0.1, 2, 6, 1.0, 10, 12, 0.001, 0.05, 0.5, 5.0, 4, 1.0): (1.0, 1.0333333333333334) in 10.90s
76/675 (5, 1000, 0.1, 2, 6, 1.0, 10, 12, 0.001, 0.05, 0.75, 0.2, 4, 1.0): (1.0, 1.0) in 9.94s
77/675 (5, 1000, 0.1, 2, 6, 1.0, 10, 12, 0.001, 0.05, 0.75, 1.0, 4, 1.0): (1.0, 1.0) in 9.65s
78/675 (5, 1000, 0.1, 2, 6, 1.0, 10, 12, 0.001, 0.05, 0.75, 5.0, 4, 1.0): (1.0, 1.0) in 9.56s
79/675 (5, 1000, 0.1, 2, 6, 1.0, 10, 12, 0.001, 0.05, 0.9, 0.2, 4, 1.0): (1.0, 1.0) in 9.82s
80/675 (5, 1000, 0.1, 2, 6, 1.0, 10, 12, 0.001, 0.05, 0.9, 1.0, 4, 1.0): (1.0, 1.0333333333333334) in 9.55s
81/675 (5, 1000, 0.1, 2, 6, 1.0, 10, 12, 0.001, 0.05, 0.9, 5.0, 4, 1.0): (1.0, 1.0) in 9.66s
82/675 (5, 1000, 0.1, 2, 6, 1.0, 10, 12, 0.001, 0.1, 0.5, 0.2, 4, 1.0): (1.0, 1.0) in 10.21s
83/675 (5, 1000, 0.1, 2, 6, 1.0, 10, 12, 0.001, 0.1, 0.5, 1.0, 4, 1.0): (1.0, 1.0) in 10.21s
84/675 (5, 1000, 0.1, 2, 6, 1.0, 10, 12, 0.001, 0.1, 0.5, 5.0, 4, 1.0): (1.0, 1.0) in 9.28s
85/675 (5, 1000, 0.1, 2, 6, 1.0, 10, 12, 0.001, 0.1, 0.75, 0.2, 4, 1.0): (1.0, 1.0) in 10.10s
86/675 (5, 1000, 0.1, 2, 6, 1.0, 10, 12, 0.001, 0.1, 0.75, 1.0, 4, 1.0): (1.0, 1.0) in 10.07s
87/675 (5, 1000, 0.1, 2, 6, 1.0, 10, 12, 0.001, 0.1, 0.75, 5.0, 4, 1.0): (1.0, 1.0) in 10.35s
88/675 (5, 1000, 0.1, 2, 6, 1.0, 10, 12, 0.001, 0.1, 0.9, 0.2, 4, 1.0): (1.0, 1.0333333333333334) in 10.12s
89/675 (5, 1000, 0.1, 2, 6, 1.0, 10, 12, 0.001, 0.1, 0.9, 1.0, 4, 1.0): (1.0, 1.0) in 9.97s
90/675 (5, 1000, 0.1, 2, 6, 1.0, 10, 12, 0.001, 0.1, 0.9, 5.0, 4, 1.0): (1.0, 1.0) in 9.70s
91/675 (5, 1000, 0.1, 2, 6, 1.0, 10, 12, 0.01, 0.0, 0.5, 0.2, 4, 1.0): (1.0, 1.0) in 10.59s
92/675 (5, 1000, 0.1, 2, 6, 1.0, 10, 12, 0.01, 0.0, 0.5, 1.0, 4, 1.0): (1.0, 1.0) in 10.21s
93/675 (5, 1000, 0.1, 2, 6, 1.0, 10, 12, 0.01, 0.0, 0.5, 5.0, 4, 1.0): (1.0, 1.0) in 9.78s
94/675 (5, 1000, 0.1, 2, 6, 1.0, 10, 12, 0.01, 0.0, 0.75, 0.2, 4, 1.0): (1.0, 1.0) in 10.68s
95/675 (5, 1000, 0.1, 2, 6, 1.0, 10, 12, 0.01, 0.0, 0.75, 1.0, 4, 1.0): (1.0, 1.0) in 11.22s
96/675 (5, 1000, 0.1, 2, 6, 1.0, 10, 12, 0.01, 0.0, 0.75, 5.0, 4, 1.0): (1.0, 1.0) in 9.92s
97/675 (5, 1000, 0.1, 2, 6, 1.0, 10, 12, 0.01, 0.0, 0.9, 0.2, 4, 1.0): (1.0, 1.0) in 10.77s
98/675 (5, 1000, 0.1, 2, 6, 1.0, 10, 12, 0.01, 0.0, 0.9, 1.0, 4, 1.0): (1.0, 1.0) in 10.25s
99/675 (5, 1000, 0.1, 2, 6, 1.0, 10, 12, 0.01, 0.0, 0.9, 5.0, 4, 1.0): (1.0, 1.0) in 11.19s
100/675 (5, 1000, 0.1, 2, 6, 1.0, 10, 12, 0.01, 0.001, 0.5, 0.2, 4, 1.0): (1.0, 1.0) in 10.79s
101/675 (5, 1000, 0.1, 2, 6, 1.0, 10, 12, 0.01, 0.001, 0.5, 1.0, 4, 1.0): (1.0, 1.0) in 10.52s
102/675 (5, 1000, 0.1, 2, 6, 1.0, 10, 12, 0.01, 0.001, 0.5, 5.0, 4, 1.0): (1.0, 1.0) in 9.39s
103/675 (5, 1000, 0.1, 2, 6, 1.0, 10, 12, 0.01, 0.001, 0.75, 0.2, 4, 1.0): (1.0, 1.0) in 10.81s
104/675 (5, 1000, 0.1, 2, 6, 1.0, 10, 12, 0.01, 0.001, 0.75, 1.0, 4, 1.0): (1.0, 1.0) in 10.28s
105/675 (5, 1000, 0.1, 2, 6, 1.0, 10, 12, 0.01, 0.001, 0.75, 5.0, 4, 1.0): (1.0, 1.0) in 10.09s
106/675 (5, 1000, 0.1, 2, 6, 1.0, 10, 12, 0.01, 0.001, 0.9, 0.2, 4, 1.0): (1.0, 1.0) in 10.71s
107/675 (5, 1000, 0.1, 2, 6, 1.0, 10, 12, 0.01, 0.001, 0.9, 1.0, 4, 1.0): (1.0, 1.0) in 10.26s
108/675 (5, 1000, 0.1, 2, 6, 1.0, 10, 12, 0.01, 0.001, 0.9, 5.0, 4, 1.0): (1.0, 1.0) in 9.93s
109/675 (5, 1000, 0.1, 2, 6, 1.0, 10, 12, 0.01, 0.01, 0.5, 0.2, 4, 1.0): (1.0, 1.0) in 11.28s
110/675 (5, 1000, 0.1, 2, 6, 1.0, 10, 12, 0.01, 0.01, 0.5, 1.0, 4, 1.0): (1.0, 1.0) in 10.58s
111/675 (5, 1000, 0.1, 2, 6, 1.0, 10, 12, 0.01, 0.01, 0.5, 5.0, 4, 1.0): (1.0, 1.0) in 10.21s
112/675 (5, 1000, 0.1, 2, 6, 1.0, 10, 12, 0.01, 0.01, 0.75, 0.2, 4, 1.0): (1.0, 1.0) in 11.14s
113/675 (5, 1000, 0.1, 2, 6, 1.0, 10, 12, 0.01, 0.01, 0.75, 1.0, 4, 1.0): (1.0, 1.0) in 10.23s
114/675 (5, 1000, 0.1, 2, 6, 1.0, 10, 12, 0.01, 0.01, 0.75, 5.0, 4, 1.0): (1.0, 1.0) in 9.60s
115/675 (5, 1000, 0.1, 2, 6, 1.0, 10, 12, 0.01, 0.01, 0.9, 0.2, 4, 1.0): (1.0, 1.0) in 10.89s
116/675 (5, 1000, 0.1, 2, 6, 1.0, 10, 12, 0.01, 0.01, 0.9, 1.0, 4, 1.0): (1.0, 1.0) in 11.15s
117/675 (5, 1000, 0.1, 2, 6, 1.0, 10, 12, 0.01, 0.01, 0.9, 5.0, 4, 1.0): (1.0, 1.0) in 9.87s
118/675 (5, 1000, 0.1, 2, 6, 1.0, 10, 12, 0.01, 0.05, 0.5, 0.2, 4, 1.0): (1.0, 1.0) in 13.73s
119/675 (5, 1000, 0.1, 2, 6, 1.0, 10, 12, 0.01, 0.05, 0.5, 1.0, 4, 1.0): (1.0, 1.0) in 10.89s
120/675 (5, 1000, 0.1, 2, 6, 1.0, 10, 12, 0.01, 0.05, 0.5, 5.0, 4, 1.0): (1.0, 1.0) in 10.29s
121/675 (5, 1000, 0.1, 2, 6, 1.0, 10, 12, 0.01, 0.05, 0.75, 0.2, 4, 1.0): (1.0, 1.0) in 13.20s
122/675 (5, 1000, 0.1, 2, 6, 1.0, 10, 12, 0.01, 0.05, 0.75, 1.0, 4, 1.0): (1.0, 1.0) in 10.72s
123/675 (5, 1000, 0.1, 2, 6, 1.0, 10, 12, 0.01, 0.05, 0.75, 5.0, 4, 1.0): (1.0, 1.0) in 11.35s
124/675 (5, 1000, 0.1, 2, 6, 1.0, 10, 12, 0.01, 0.05, 0.9, 0.2, 4, 1.0): (1.0, 1.0) in 13.16s
125/675 (5, 1000, 0.1, 2, 6, 1.0, 10, 12, 0.01, 0.05, 0.9, 1.0, 4, 1.0): (1.0, 1.0) in 10.40s
126/675 (5, 1000, 0.1, 2, 6, 1.0, 10, 12, 0.01, 0.05, 0.9, 5.0, 4, 1.0): (1.0, 1.0) in 10.22s
127/675 (5, 1000, 0.1, 2, 6, 1.0, 10, 12, 0.01, 0.1, 0.5, 0.2, 4, 1.0): (1.0, 1.0) in 16.29s
128/675 (5, 1000, 0.1, 2, 6, 1.0, 10, 12, 0.01, 0.1, 0.5, 1.0, 4, 1.0): (1.0, 1.0) in 11.63s
129/675 (5, 1000, 0.1, 2, 6, 1.0, 10, 12, 0.01, 0.1, 0.5, 5.0, 4, 1.0): (1.0, 1.0) in 10.41s
130/675 (5, 1000, 0.1, 2, 6, 1.0, 10, 12, 0.01, 0.1, 0.75, 0.2, 4, 1.0): (1.0, 1.0) in 15.47s
131/675 (5, 1000, 0.1, 2, 6, 1.0, 10, 12, 0.01, 0.1, 0.75, 1.0, 4, 1.0): (1.0, 1.0) in 11.13s
132/675 (5, 1000, 0.1, 2, 6, 1.0, 10, 12, 0.01, 0.1, 0.75, 5.0, 4, 1.0): (1.0, 1.0) in 10.33s
133/675 (5, 1000, 0.1, 2, 6, 1.0, 10, 12, 0.01, 0.1, 0.9, 0.2, 4, 1.0): (1.0, 1.0) in 14.74s
134/675 (5, 1000, 0.1, 2, 6, 1.0, 10, 12, 0.01, 0.1, 0.9, 1.0, 4, 1.0): (1.0, 1.0) in 11.01s
135/675 (5, 1000, 0.1, 2, 6, 1.0, 10, 12, 0.01, 0.1, 0.9, 5.0, 4, 1.0): (1.0, 1.0) in 10.19s
136/675 (5, 1000, 0.1, 2, 6, 1.0, 10, 12, 0.02, 0.0, 0.5, 0.2, 4, 1.0): (1.0, 1.0) in 12.70s
137/675 (5, 1000, 0.1, 2, 6, 1.0, 10, 12, 0.02, 0.0, 0.5, 1.0, 4, 1.0): (1.0, 1.0) in 10.91s
138/675 (5, 1000, 0.1, 2, 6, 1.0, 10, 12, 0.02, 0.0, 0.5, 5.0, 4, 1.0): (1.0, 1.0) in 10.28s
139/675 (5, 1000, 0.1, 2, 6, 1.0, 10, 12, 0.02, 0.0, 0.75, 0.2, 4, 1.0): (1.0, 1.0) in 13.03s
140/675 (5, 1000, 0.1, 2, 6, 1.0, 10, 12, 0.02, 0.0, 0.75, 1.0, 4, 1.0): (1.0, 1.0) in 11.41s
141/675 (5, 1000, 0.1, 2, 6, 1.0, 10, 12, 0.02, 0.0, 0.75, 5.0, 4, 1.0): (1.0, 1.0) in 10.69s
142/675 (5, 1000, 0.1, 2, 6, 1.0, 10, 12, 0.02, 0.0, 0.9, 0.2, 4, 1.0): (1.0, 1.0) in 12.75s
143/675 (5, 1000, 0.1, 2, 6, 1.0, 10, 12, 0.02, 0.0, 0.9, 1.0, 4, 1.0): (1.0, 1.0) in 10.83s
144/675 (5, 1000, 0.1, 2, 6, 1.0, 10, 12, 0.02, 0.0, 0.9, 5.0, 4, 1.0): (1.0, 1.0) in 10.71s
145/675 (5, 1000, 0.1, 2, 6, 1.0, 10, 12, 0.02, 0.001, 0.5, 0.2, 4, 1.0): (1.0, 1.0) in 13.01s
146/675 (5, 1000, 0.1, 2, 6, 1.0, 10, 12, 0.02, 0.001, 0.5, 1.0, 4, 1.0): (1.0, 1.0) in 10.92s
147/675 (5, 1000, 0.1, 2, 6, 1.0, 10, 12, 0.02, 0.001, 0.5, 5.0, 4, 1.0): (1.0, 1.0) in 10.47s
148/675 (5, 1000, 0.1, 2, 6, 1.0, 10, 12, 0.02, 0.001, 0.75, 0.2, 4, 1.0): (1.0, 1.0) in 12.93s
149/675 (5, 1000, 0.1, 2, 6, 1.0, 10, 12, 0.02, 0.001, 0.75, 1.0, 4, 1.0): (1.0, 1.0) in 11.09s
150/675 (5, 1000, 0.1, 2, 6, 1.0, 10, 12, 0.02, 0.001, 0.75, 5.0, 4, 1.0): (1.0, 1.0) in 10.90s
151/675 (5, 1000, 0.1, 2, 6, 1.0, 10, 12, 0.02, 0.001, 0.9, 0.2, 4, 1.0): (1.0, 1.0) in 12.77s
152/675 (5, 1000, 0.1, 2, 6, 1.0, 10, 12, 0.02, 0.001, 0.9, 1.0, 4, 1.0): (1.0, 1.0) in 10.75s
153/675 (5, 1000, 0.1, 2, 6, 1.0, 10, 12, 0.02, 0.001, 0.9, 5.0, 4, 1.0): (1.0, 1.0) in 11.11s
154/675 (5, 1000, 0.1, 2, 6, 1.0, 10, 12, 0.02, 0.01, 0.5, 0.2, 4, 1.0): (1.0, 1.0) in 13.50s
155/675 (5, 1000, 0.1, 2, 6, 1.0, 10, 12, 0.02, 0.01, 0.5, 1.0, 4, 1.0): (1.0, 1.0) in 11.45s
156/675 (5, 1000, 0.1, 2, 6, 1.0, 10, 12, 0.02, 0.01, 0.5, 5.0, 4, 1.0): (1.0, 1.0) in 10.47s
157/675 (5, 1000, 0.1, 2, 6, 1.0, 10, 12, 0.02, 0.01, 0.75, 0.2, 4, 1.0): (1.0, 1.0) in 13.20s
158/675 (5, 1000, 0.1, 2, 6, 1.0, 10, 12, 0.02, 0.01, 0.75, 1.0, 4, 1.0): (1.0, 1.0) in 11.35s
159/675 (5, 1000, 0.1, 2, 6, 1.0, 10, 12, 0.02, 0.01, 0.75, 5.0, 4, 1.0): (1.0, 1.0) in 10.39s
160/675 (5, 1000, 0.1, 2, 6, 1.0, 10, 12, 0.02, 0.01, 0.9, 0.2, 4, 1.0): (1.0, 1.0) in 13.01s
161/675 (5, 1000, 0.1, 2, 6, 1.0, 10, 12, 0.02, 0.01, 0.9, 1.0, 4, 1.0): (1.0, 1.0) in 11.28s
162/675 (5, 1000, 0.1, 2, 6, 1.0, 10, 12, 0.02, 0.01, 0.9, 5.0, 4, 1.0): (1.0, 1.0) in 10.55s
163/675 (5, 1000, 0.1, 2, 6, 1.0, 10, 12, 0.02, 0.05, 0.5, 0.2, 4, 1.0): (1.0, 1.0) in 17.19s
164/675 (5, 1000, 0.1, 2, 6, 1.0, 10, 12, 0.02, 0.05, 0.5, 1.0, 4, 1.0): (1.0, 1.0) in 13.28s
165/675 (5, 1000, 0.1, 2, 6, 1.0, 10, 12, 0.02, 0.05, 0.5, 5.0, 4, 1.0): (1.0, 1.0) in 12.48s
166/675 (5, 1000, 0.1, 2, 6, 1.0, 10, 12, 0.02, 0.05, 0.75, 0.2, 4, 1.0): (1.0, 1.0) in 16.18s
167/675 (5, 1000, 0.1, 2, 6, 1.0, 10, 12, 0.02, 0.05, 0.75, 1.0, 4, 1.0): (1.0, 1.0) in 11.72s
168/675 (5, 1000, 0.1, 2, 6, 1.0, 10, 12, 0.02, 0.05, 0.75, 5.0, 4, 1.0): (1.0, 1.0) in 10.78s
169/675 (5, 1000, 0.1, 2, 6, 1.0, 10, 12, 0.02, 0.05, 0.9, 0.2, 4, 1.0): (1.0, 1.0) in 16.25s
170/675 (5, 1000, 0.1, 2, 6, 1.0, 10, 12, 0.02, 0.05, 0.9, 1.0, 4, 1.0): (1.0, 1.0) in 11.90s
171/675 (5, 1000, 0.1, 2, 6, 1.0, 10, 12, 0.02, 0.05, 0.9, 5.0, 4, 1.0): (1.0, 1.0) in 10.62s
172/675 (5, 1000, 0.1, 2, 6, 1.0, 10, 12, 0.02, 0.1, 0.5, 0.2, 4, 1.0): (1.0, 1.0) in 21.09s
173/675 (5, 1000, 0.1, 2, 6, 1.0, 10, 12, 0.02, 0.1, 0.5, 1.0, 4, 1.0): (1.0, 1.0) in 13.01s
174/675 (5, 1000, 0.1, 2, 6, 1.0, 10, 12, 0.02, 0.1, 0.5, 5.0, 4, 1.0): (1.0, 1.0) in 13.19s
175/675 (5, 1000, 0.1, 2, 6, 1.0, 10, 12, 0.02, 0.1, 0.75, 0.2, 4, 1.0): (1.0, 1.0) in 19.26s
176/675 (5, 1000, 0.1, 2, 6, 1.0, 10, 12, 0.02, 0.1, 0.75, 1.0, 4, 1.0): (1.0, 1.0) in 12.29s
177/675 (5, 1000, 0.1, 2, 6, 1.0, 10, 12, 0.02, 0.1, 0.75, 5.0, 4, 1.0): (1.0, 1.0) in 11.65s
178/675 (5, 1000, 0.1, 2, 6, 1.0, 10, 12, 0.02, 0.1, 0.9, 0.2, 4, 1.0): (1.0, 1.0) in 19.14s
179/675 (5, 1000, 0.1, 2, 6, 1.0, 10, 12, 0.02, 0.1, 0.9, 1.0, 4, 1.0): (1.0, 1.0) in 12.44s
180/675 (5, 1000, 0.1, 2, 6, 1.0, 10, 12, 0.02, 0.1, 0.9, 5.0, 4, 1.0): (1.0, 1.0) in 11.42s
181/675 (5, 1000, 0.1, 2, 6, 1.0, 10, 12, 0.05, 0.0, 0.5, 0.2, 4, 1.0): (1.0, 1.0) in 22.51s
182/675 (5, 1000, 0.1, 2, 6, 1.0, 10, 12, 0.05, 0.0, 0.5, 1.0, 4, 1.0): (1.0, 1.0) in 14.89s
183/675 (5, 1000, 0.1, 2, 6, 1.0, 10, 12, 0.05, 0.0, 0.5, 5.0, 4, 1.0): (1.0, 1.0) in 13.84s
184/675 (5, 1000, 0.1, 2, 6, 1.0, 10, 12, 0.05, 0.0, 0.75, 0.2, 4, 1.0): (1.0, 1.0) in 22.04s
185/675 (5, 1000, 0.1, 2, 6, 1.0, 10, 12, 0.05, 0.0, 0.75, 1.0, 4, 1.0): (1.0, 1.0) in 14.79s
186/675 (5, 1000, 0.1, 2, 6, 1.0, 10, 12, 0.05, 0.0, 0.75, 5.0, 4, 1.0): (1.0, 1.0) in 14.10s
187/675 (5, 1000, 0.1, 2, 6, 1.0, 10, 12, 0.05, 0.0, 0.9, 0.2, 4, 1.0): (1.0, 1.0) in 21.42s
188/675 (5, 1000, 0.1, 2, 6, 1.0, 10, 12, 0.05, 0.0, 0.9, 1.0, 4, 1.0): (1.0, 1.0) in 14.93s
189/675 (5, 1000, 0.1, 2, 6, 1.0, 10, 12, 0.05, 0.0, 0.9, 5.0, 4, 1.0): (1.0, 1.0) in 12.83s
190/675 (5, 1000, 0.1, 2, 6, 1.0, 10, 12, 0.05, 0.001, 0.5, 0.2, 4, 1.0): (1.0, 1.0) in 22.44s
191/675 (5, 1000, 0.1, 2, 6, 1.0, 10, 12, 0.05, 0.001, 0.5, 1.0, 4, 1.0): (1.0, 1.0) in 14.67s
192/675 (5, 1000, 0.1, 2, 6, 1.0, 10, 12, 0.05, 0.001, 0.5, 5.0, 4, 1.0): (1.0, 1.0) in 12.77s
193/675 (5, 1000, 0.1, 2, 6, 1.0, 10, 12, 0.05, 0.001, 0.75, 0.2, 4, 1.0): (1.0, 1.0) in 21.68s
194/675 (5, 1000, 0.1, 2, 6, 1.0, 10, 12, 0.05, 0.001, 0.75, 1.0, 4, 1.0): (1.0, 1.0) in 15.13s
195/675 (5, 1000, 0.1, 2, 6, 1.0, 10, 12, 0.05, 0.001, 0.75, 5.0, 4, 1.0): (1.0, 1.0) in 13.20s
196/675 (5, 1000, 0.1, 2, 6, 1.0, 10, 12, 0.05, 0.001, 0.9, 0.2, 4, 1.0): (1.0, 1.0) in 20.97s
197/675 (5, 1000, 0.1, 2, 6, 1.0, 10, 12, 0.05, 0.001, 0.9, 1.0, 4, 1.0): (1.0, 1.0) in 15.07s
198/675 (5, 1000, 0.1, 2, 6, 1.0, 10, 12, 0.05, 0.001, 0.9, 5.0, 4, 1.0): (1.0, 1.0) in 12.97s
199/675 (5, 1000, 0.1, 2, 6, 1.0, 10, 12, 0.05, 0.01, 0.5, 0.2, 4, 1.0): (1.0, 1.0) in 23.97s
200/675 (5, 1000, 0.1, 2, 6, 1.0, 10, 12, 0.05, 0.01, 0.5, 1.0, 4, 1.0): (1.0, 1.0) in 15.36s
201/675 (5, 1000, 0.1, 2, 6, 1.0, 10, 12, 0.05, 0.01, 0.5, 5.0, 4, 1.0): (1.0, 1.0) in 13.46s
202/675 (5, 1000, 0.1, 2, 6, 1.0, 10, 12, 0.05, 0.01, 0.75, 0.2, 4, 1.0): (1.0, 1.0) in 22.63s
203/675 (5, 1000, 0.1, 2, 6, 1.0, 10, 12, 0.05, 0.01, 0.75, 1.0, 4, 1.0): (1.0, 1.0) in 14.75s
204/675 (5, 1000, 0.1, 2, 6, 1.0, 10, 12, 0.05, 0.01, 0.75, 5.0, 4, 1.0): (1.0, 1.0) in 12.96s
205/675 (5, 1000, 0.1, 2, 6, 1.0, 10, 12, 0.05, 0.01, 0.9, 0.2, 4, 1.0): (1.0, 1.0) in 22.16s
206/675 (5, 1000, 0.1, 2, 6, 1.0, 10, 12, 0.05, 0.01, 0.9, 1.0, 4, 1.0): (1.0, 1.0) in 14.87s
207/675 (5, 1000, 0.1, 2, 6, 1.0, 10, 12, 0.05, 0.01, 0.9, 5.0, 4, 1.0): (1.0, 1.0) in 13.04s
208/675 (5, 1000, 0.1, 2, 6, 1.0, 10, 12, 0.05, 0.05, 0.5, 0.2, 4, 1.0): (1.0, 1.0) in 28.69s
209/675 (5, 1000, 0.1, 2, 6, 1.0, 10, 12, 0.05, 0.05, 0.5, 1.0, 4, 1.0): (1.0, 1.0) in 16.68s
210/675 (5, 1000, 0.1, 2, 6, 1.0, 10, 12, 0.05, 0.05, 0.5, 5.0, 4, 1.0): (1.0, 1.0) in 13.23s
211/675 (5, 1000, 0.1, 2, 6, 1.0, 10, 12, 0.05, 0.05, 0.75, 0.2, 4, 1.0): (1.0, 1.0) in 26.81s
212/675 (5, 1000, 0.1, 2, 6, 1.0, 10, 12, 0.05, 0.05, 0.75, 1.0, 4, 1.0): (1.0, 1.0) in 16.41s
213/675 (5, 1000, 0.1, 2, 6, 1.0, 10, 12, 0.05, 0.05, 0.75, 5.0, 4, 1.0): (1.0, 1.0) in 13.20s
214/675 (5, 1000, 0.1, 2, 6, 1.0, 10, 12, 0.05, 0.05, 0.9, 0.2, 4, 1.0): (1.0, 1.0) in 26.56s
215/675 (5, 1000, 0.1, 2, 6, 1.0, 10, 12, 0.05, 0.05, 0.9, 1.0, 4, 1.0): (1.0, 1.0) in 16.44s
216/675 (5, 1000, 0.1, 2, 6, 1.0, 10, 12, 0.05, 0.05, 0.9, 5.0, 4, 1.0): (1.0, 1.0) in 13.56s
217/675 (5, 1000, 0.1, 2, 6, 1.0, 10, 12, 0.05, 0.1, 0.5, 0.2, 4, 1.0): (1.0, 1.0) in 35.00s
218/675 (5, 1000, 0.1, 2, 6, 1.0, 10, 12, 0.05, 0.1, 0.5, 1.0, 4, 1.0): (1.0, 1.0) in 18.89s
219/675 (5, 1000, 0.1, 2, 6, 1.0, 10, 12, 0.05, 0.1, 0.5, 5.0, 4, 1.0): (1.0, 1.0) in 13.95s
220/675 (5, 1000, 0.1, 2, 6, 1.0, 10, 12, 0.05, 0.1, 0.75, 0.2, 4, 1.0): (1.0, 1.0) in 31.66s
221/675 (5, 1000, 0.1, 2, 6, 1.0, 10, 12, 0.05, 0.1, 0.75, 1.0, 4, 1.0): (1.0, 1.0) in 17.91s
222/675 (5, 1000, 0.1, 2, 6, 1.0, 10, 12, 0.05, 0.1, 0.75, 5.0, 4, 1.0): (1.0, 1.0) in 13.27s
223/675 (5, 1000, 0.1, 2, 6, 1.0, 10, 12, 0.05, 0.1, 0.9, 0.2, 4, 1.0): (1.0, 1.0) in 30.01s
224/675 (5, 1000, 0.1, 2, 6, 1.0, 10, 12, 0.05, 0.1, 0.9, 1.0, 4, 1.0): (1.0, 1.0) in 17.16s
225/675 (5, 1000, 0.1, 2, 6, 1.0, 10, 12, 0.05, 0.1, 0.9, 5.0, 4, 1.0): (1.0, 1.0) in 13.60s
226/675 (5, 1000, 0.1, 2, 6, 6.0, 10, 12, 0.0, 0.0, 0.5, 0.2, 4, 1.0): (0.9666666666666667, 1.7333333333333334) in 9.43s
227/675 (5, 1000, 0.1, 2, 6, 6.0, 10, 12, 0.0, 0.0, 0.5, 1.0, 4, 1.0): (0.9333333333333333, 1.3) in 9.39s
228/675 (5, 1000, 0.1, 2, 6, 6.0, 10, 12, 0.0, 0.0, 0.5, 5.0, 4, 1.0): (1.0, 1.0) in 9.01s
229/675 (5, 1000, 0.1, 2, 6, 6.0, 10, 12, 0.0, 0.0, 0.75, 0.2, 4, 1.0): (0.9666666666666667, 1.8) in 9.67s
230/675 (5, 1000, 0.1, 2, 6, 6.0, 10, 12, 0.0, 0.0, 0.75, 1.0, 4, 1.0): (1.0, 1.3666666666666667) in 9.11s
231/675 (5, 1000, 0.1, 2, 6, 6.0, 10, 12, 0.0, 0.0, 0.75, 5.0, 4, 1.0): (1.0, 1.0) in 8.93s
232/675 (5, 1000, 0.1, 2, 6, 6.0, 10, 12, 0.0, 0.0, 0.9, 0.2, 4, 1.0): (1.0, 1.6666666666666667) in 9.16s
233/675 (5, 1000, 0.1, 2, 6, 6.0, 10, 12, 0.0, 0.0, 0.9, 1.0, 4, 1.0): (1.0, 1.0) in 9.21s
234/675 (5, 1000, 0.1, 2, 6, 6.0, 10, 12, 0.0, 0.0, 0.9, 5.0, 4, 1.0): (1.0, 1.0) in 9.16s
235/675 (5, 1000, 0.1, 2, 6, 6.0, 10, 12, 0.0, 0.001, 0.5, 0.2, 4, 1.0): (0.9666666666666667, 1.4) in 9.06s
236/675 (5, 1000, 0.1, 2, 6, 6.0, 10, 12, 0.0, 0.001, 0.5, 1.0, 4, 1.0): (1.0, 1.0) in 9.55s
237/675 (5, 1000, 0.1, 2, 6, 6.0, 10, 12, 0.0, 0.001, 0.5, 5.0, 4, 1.0): (0.9666666666666667, 1.1) in 9.10s
238/675 (5, 1000, 0.1, 2, 6, 6.0, 10, 12, 0.0, 0.001, 0.75, 0.2, 4, 1.0): (1.0, 1.6) in 9.24s
239/675 (5, 1000, 0.1, 2, 6, 6.0, 10, 12, 0.0, 0.001, 0.75, 1.0, 4, 1.0): (1.0, 1.0333333333333334) in 9.44s
240/675 (5, 1000, 0.1, 2, 6, 6.0, 10, 12, 0.0, 0.001, 0.75, 5.0, 4, 1.0): (1.0, 1.0666666666666667) in 8.93s
241/675 (5, 1000, 0.1, 2, 6, 6.0, 10, 12, 0.0, 0.001, 0.9, 0.2, 4, 1.0): (0.9666666666666667, 1.5666666666666667) in 9.09s
242/675 (5, 1000, 0.1, 2, 6, 6.0, 10, 12, 0.0, 0.001, 0.9, 1.0, 4, 1.0): (0.9708333333333333, 1.2) in 9.17s
243/675 (5, 1000, 0.1, 2, 6, 6.0, 10, 12, 0.0, 0.001, 0.9, 5.0, 4, 1.0): (0.9666666666666667, 1.0666666666666667) in 8.84s
244/675 (5, 1000, 0.1, 2, 6, 6.0, 10, 12, 0.0, 0.01, 0.5, 0.2, 4, 1.0): (1.0, 1.0) in 9.41s
245/675 (5, 1000, 0.1, 2, 6, 6.0, 10, 12, 0.0, 0.01, 0.5, 1.0, 4, 1.0): (1.0, 1.0) in 9.54s
246/675 (5, 1000, 0.1, 2, 6, 6.0, 10, 12, 0.0, 0.01, 0.5, 5.0, 4, 1.0): (1.0, 1.1) in 9.13s
247/675 (5, 1000, 0.1, 2, 6, 6.0, 10, 12, 0.0, 0.01, 0.75, 0.2, 4, 1.0): (1.0, 1.0333333333333334) in 9.79s
248/675 (5, 1000, 0.1, 2, 6, 6.0, 10, 12, 0.0, 0.01, 0.75, 1.0, 4, 1.0): (1.0, 1.0) in 9.59s
249/675 (5, 1000, 0.1, 2, 6, 6.0, 10, 12, 0.0, 0.01, 0.75, 5.0, 4, 1.0): (1.0, 1.0) in 9.39s
250/675 (5, 1000, 0.1, 2, 6, 6.0, 10, 12, 0.0, 0.01, 0.9, 0.2, 4, 1.0): (1.0, 1.0333333333333334) in 9.48s
251/675 (5, 1000, 0.1, 2, 6, 6.0, 10, 12, 0.0, 0.01, 0.9, 1.0, 4, 1.0): (1.0, 1.0) in 9.32s
252/675 (5, 1000, 0.1, 2, 6, 6.0, 10, 12, 0.0, 0.01, 0.9, 5.0, 4, 1.0): (1.0, 1.0) in 9.79s
253/675 (5, 1000, 0.1, 2, 6, 6.0, 10, 12, 0.0, 0.05, 0.5, 0.2, 4, 1.0): (1.0, 1.0) in 9.76s
254/675 (5, 1000, 0.1, 2, 6, 6.0, 10, 12, 0.0, 0.05, 0.5, 1.0, 4, 1.0): (1.0, 1.0) in 9.86s
255/675 (5, 1000, 0.1, 2, 6, 6.0, 10, 12, 0.0, 0.05, 0.5, 5.0, 4, 1.0): (1.0, 1.0) in 9.23s
256/675 (5, 1000, 0.1, 2, 6, 6.0, 10, 12, 0.0, 0.05, 0.75, 0.2, 4, 1.0): (1.0, 1.0) in 9.78s
257/675 (5, 1000, 0.1, 2, 6, 6.0, 10, 12, 0.0, 0.05, 0.75, 1.0, 4, 1.0): (1.0, 1.0) in 10.65s
258/675 (5, 1000, 0.1, 2, 6, 6.0, 10, 12, 0.0, 0.05, 0.75, 5.0, 4, 1.0): (1.0, 1.0) in 9.64s
259/675 (5, 1000, 0.1, 2, 6, 6.0, 10, 12, 0.0, 0.05, 0.9, 0.2, 4, 1.0): (1.0, 1.0) in 9.69s
260/675 (5, 1000, 0.1, 2, 6, 6.0, 10, 12, 0.0, 0.05, 0.9, 1.0, 4, 1.0): (1.0, 1.0) in 9.65s
261/675 (5, 1000, 0.1, 2, 6, 6.0, 10, 12, 0.0, 0.05, 0.9, 5.0, 4, 1.0): (1.0, 1.0) in 9.71s
262/675 (5, 1000, 0.1, 2, 6, 6.0, 10, 12, 0.0, 0.1, 0.5, 0.2, 4, 1.0): (1.0, 1.0333333333333334) in 10.03s
263/675 (5, 1000, 0.1, 2, 6, 6.0, 10, 12, 0.0, 0.1, 0.5, 1.0, 4, 1.0): (1.0, 1.0) in 12.40s
264/675 (5, 1000, 0.1, 2, 6, 6.0, 10, 12, 0.0, 0.1, 0.5, 5.0, 4, 1.0): (1.0, 1.0) in 10.34s
265/675 (5, 1000, 0.1, 2, 6, 6.0, 10, 12, 0.0, 0.1, 0.75, 0.2, 4, 1.0): (1.0, 1.0333333333333334) in 10.15s
266/675 (5, 1000, 0.1, 2, 6, 6.0, 10, 12, 0.0, 0.1, 0.75, 1.0, 4, 1.0): (1.0, 1.0) in 10.39s
267/675 (5, 1000, 0.1, 2, 6, 6.0, 10, 12, 0.0, 0.1, 0.75, 5.0, 4, 1.0): (1.0, 1.0) in 9.67s
268/675 (5, 1000, 0.1, 2, 6, 6.0, 10, 12, 0.0, 0.1, 0.9, 0.2, 4, 1.0): (1.0, 1.0) in 10.14s
269/675 (5, 1000, 0.1, 2, 6, 6.0, 10, 12, 0.0, 0.1, 0.9, 1.0, 4, 1.0): (1.0, 1.0) in 10.03s
270/675 (5, 1000, 0.1, 2, 6, 6.0, 10, 12, 0.0, 0.1, 0.9, 5.0, 4, 1.0): (1.0, 1.0) in 9.81s
271/675 (5, 1000, 0.1, 2, 6, 6.0, 10, 12, 0.001, 0.0, 0.5, 0.2, 4, 1.0): (0.9666666666666667, 1.9) in 9.35s
272/675 (5, 1000, 0.1, 2, 6, 6.0, 10, 12, 0.001, 0.0, 0.5, 1.0, 4, 1.0): (0.9, 1.1666666666666667) in 9.70s
273/675 (5, 1000, 0.1, 2, 6, 6.0, 10, 12, 0.001, 0.0, 0.5, 5.0, 4, 1.0): (0.9708333333333333, 1.0333333333333334) in 9.17s
274/675 (5, 1000, 0.1, 2, 6, 6.0, 10, 12, 0.001, 0.0, 0.75, 0.2, 4, 1.0): (1.0, 1.6666666666666667) in 9.09s
275/675 (5, 1000, 0.1, 2, 6, 6.0, 10, 12, 0.001, 0.0, 0.75, 1.0, 4, 1.0): (0.9666666666666667, 1.0666666666666667) in 9.65s
276/675 (5, 1000, 0.1, 2, 6, 6.0, 10, 12, 0.001, 0.0, 0.75, 5.0, 4, 1.0): (0.9, 1.0666666666666667) in 8.62s
277/675 (5, 1000, 0.1, 2, 6, 6.0, 10, 12, 0.001, 0.0, 0.9, 0.2, 4, 1.0): (0.9666666666666667, 1.5333333333333334) in 9.07s
278/675 (5, 1000, 0.1, 2, 6, 6.0, 10, 12, 0.001, 0.0, 0.9, 1.0, 4, 1.0): (1.0, 1.1) in 9.33s
279/675 (5, 1000, 0.1, 2, 6, 6.0, 10, 12, 0.001, 0.0, 0.9, 5.0, 4, 1.0): (0.9666666666666667, 1.1) in 9.04s
280/675 (5, 1000, 0.1, 2, 6, 6.0, 10, 12, 0.001, 0.001, 0.5, 0.2, 4, 1.0): (0.9333333333333333, 1.6333333333333333) in 9.30s
281/675 (5, 1000, 0.1, 2, 6, 6.0, 10, 12, 0.001, 0.001, 0.5, 1.0, 4, 1.0): (0.9666666666666667, 1.1) in 10.64s
282/675 (5, 1000, 0.1, 2, 6, 6.0, 10, 12, 0.001, 0.001, 0.5, 5.0, 4, 1.0): (1.0, 1.0) in 9.07s
283/675 (5, 1000, 0.1, 2, 6, 6.0, 10, 12, 0.001, 0.001, 0.75, 0.2, 4, 1.0): (0.9777777777777777, 1.9666666666666666) in 8.95s
284/675 (5, 1000, 0.1, 2, 6, 6.0, 10, 12, 0.001, 0.001, 0.75, 1.0, 4, 1.0): (1.0, 1.0333333333333334) in 9.04s
285/675 (5, 1000, 0.1, 2, 6, 6.0, 10, 12, 0.001, 0.001, 0.75, 5.0, 4, 1.0): (1.0, 1.0) in 8.81s
286/675 (5, 1000, 0.1, 2, 6, 6.0, 10, 12, 0.001, 0.001, 0.9, 0.2, 4, 1.0): (1.0, 1.5333333333333334) in 9.19s
287/675 (5, 1000, 0.1, 2, 6, 6.0, 10, 12, 0.001, 0.001, 0.9, 1.0, 4, 1.0): (1.0, 1.0) in 9.09s
288/675 (5, 1000, 0.1, 2, 6, 6.0, 10, 12, 0.001, 0.001, 0.9, 5.0, 4, 1.0): (1.0, 1.0) in 8.96s
289/675 (5, 1000, 0.1, 2, 6, 6.0, 10, 12, 0.001, 0.01, 0.5, 0.2, 4, 1.0): (1.0, 1.0333333333333334) in 9.02s
290/675 (5, 1000, 0.1, 2, 6, 6.0, 10, 12, 0.001, 0.01, 0.5, 1.0, 4, 1.0): (1.0, 1.0) in 9.10s
291/675 (5, 1000, 0.1, 2, 6, 6.0, 10, 12, 0.001, 0.01, 0.5, 5.0, 4, 1.0): (1.0, 1.0) in 9.07s
292/675 (5, 1000, 0.1, 2, 6, 6.0, 10, 12, 0.001, 0.01, 0.75, 0.2, 4, 1.0): (1.0, 1.0333333333333334) in 9.66s
293/675 (5, 1000, 0.1, 2, 6, 6.0, 10, 12, 0.001, 0.01, 0.75, 1.0, 4, 1.0): (1.0, 1.0) in 9.91s
294/675 (5, 1000, 0.1, 2, 6, 6.0, 10, 12, 0.001, 0.01, 0.75, 5.0, 4, 1.0): (1.0, 1.0) in 9.21s
295/675 (5, 1000, 0.1, 2, 6, 6.0, 10, 12, 0.001, 0.01, 0.9, 0.2, 4, 1.0): (1.0, 1.0333333333333334) in 9.50s
296/675 (5, 1000, 0.1, 2, 6, 6.0, 10, 12, 0.001, 0.01, 0.9, 1.0, 4, 1.0): (1.0, 1.0) in 9.61s
297/675 (5, 1000, 0.1, 2, 6, 6.0, 10, 12, 0.001, 0.01, 0.9, 5.0, 4, 1.0): (1.0, 1.0) in 9.37s
298/675 (5, 1000, 0.1, 2, 6, 6.0, 10, 12, 0.001, 0.05, 0.5, 0.2, 4, 1.0): (1.0, 1.0333333333333334) in 9.56s
299/675 (5, 1000, 0.1, 2, 6, 6.0, 10, 12, 0.001, 0.05, 0.5, 1.0, 4, 1.0): (1.0, 1.0) in 9.72s
300/675 (5, 1000, 0.1, 2, 6, 6.0, 10, 12, 0.001, 0.05, 0.5, 5.0, 4, 1.0): (1.0, 1.0666666666666667) in 8.94s
301/675 (5, 1000, 0.1, 2, 6, 6.0, 10, 12, 0.001, 0.05, 0.75, 0.2, 4, 1.0): (1.0, 1.0333333333333334) in 9.74s
302/675 (5, 1000, 0.1, 2, 6, 6.0, 10, 12, 0.001, 0.05, 0.75, 1.0, 4, 1.0): (1.0, 1.0) in 9.71s
303/675 (5, 1000, 0.1, 2, 6, 6.0, 10, 12, 0.001, 0.05, 0.75, 5.0, 4, 1.0): (1.0, 1.0) in 9.23s
304/675 (5, 1000, 0.1, 2, 6, 6.0, 10, 12, 0.001, 0.05, 0.9, 0.2, 4, 1.0): (1.0, 1.0) in 9.75s
305/675 (5, 1000, 0.1, 2, 6, 6.0, 10, 12, 0.001, 0.05, 0.9, 1.0, 4, 1.0): (1.0, 1.0) in 9.76s
306/675 (5, 1000, 0.1, 2, 6, 6.0, 10, 12, 0.001, 0.05, 0.9, 5.0, 4, 1.0): (1.0, 1.0) in 9.58s
307/675 (5, 1000, 0.1, 2, 6, 6.0, 10, 12, 0.001, 0.1, 0.5, 0.2, 4, 1.0): (1.0, 1.0) in 9.88s
308/675 (5, 1000, 0.1, 2, 6, 6.0, 10, 12, 0.001, 0.1, 0.5, 1.0, 4, 1.0): (1.0, 1.0) in 9.99s
309/675 (5, 1000, 0.1, 2, 6, 6.0, 10, 12, 0.001, 0.1, 0.5, 5.0, 4, 1.0): (1.0, 1.0) in 10.10s
310/675 (5, 1000, 0.1, 2, 6, 6.0, 10, 12, 0.001, 0.1, 0.75, 0.2, 4, 1.0): (1.0, 1.0666666666666667) in 10.14s
311/675 (5, 1000, 0.1, 2, 6, 6.0, 10, 12, 0.001, 0.1, 0.75, 1.0, 4, 1.0): (1.0, 1.0) in 10.02s
312/675 (5, 1000, 0.1, 2, 6, 6.0, 10, 12, 0.001, 0.1, 0.75, 5.0, 4, 1.0): (1.0, 1.0) in 10.70s
313/675 (5, 1000, 0.1, 2, 6, 6.0, 10, 12, 0.001, 0.1, 0.9, 0.2, 4, 1.0): (1.0, 1.0) in 10.07s
314/675 (5, 1000, 0.1, 2, 6, 6.0, 10, 12, 0.001, 0.1, 0.9, 1.0, 4, 1.0): (1.0, 1.0) in 9.82s
315/675 (5, 1000, 0.1, 2, 6, 6.0, 10, 12, 0.001, 0.1, 0.9, 5.0, 4, 1.0): (1.0, 1.0) in 9.63s
316/675 (5, 1000, 0.1, 2, 6, 6.0, 10, 12, 0.01, 0.0, 0.5, 0.2, 4, 1.0): (1.0, 1.0) in 11.06s
317/675 (5, 1000, 0.1, 2, 6, 6.0, 10, 12, 0.01, 0.0, 0.5, 1.0, 4, 1.0): (1.0, 1.0) in 10.26s
318/675 (5, 1000, 0.1, 2, 6, 6.0, 10, 12, 0.01, 0.0, 0.5, 5.0, 4, 1.0): (1.0, 1.0) in 9.55s
319/675 (5, 1000, 0.1, 2, 6, 6.0, 10, 12, 0.01, 0.0, 0.75, 0.2, 4, 1.0): (1.0, 1.0) in 10.91s
320/675 (5, 1000, 0.1, 2, 6, 6.0, 10, 12, 0.01, 0.0, 0.75, 1.0, 4, 1.0): (1.0, 1.0) in 12.02s
321/675 (5, 1000, 0.1, 2, 6, 6.0, 10, 12, 0.01, 0.0, 0.75, 5.0, 4, 1.0): (1.0, 1.0) in 10.08s
322/675 (5, 1000, 0.1, 2, 6, 6.0, 10, 12, 0.01, 0.0, 0.9, 0.2, 4, 1.0): (1.0, 1.0) in 11.06s
323/675 (5, 1000, 0.1, 2, 6, 6.0, 10, 12, 0.01, 0.0, 0.9, 1.0, 4, 1.0): (1.0, 1.0) in 10.40s
324/675 (5, 1000, 0.1, 2, 6, 6.0, 10, 12, 0.01, 0.0, 0.9, 5.0, 4, 1.0): (1.0, 1.0) in 10.12s
325/675 (5, 1000, 0.1, 2, 6, 6.0, 10, 12, 0.01, 0.001, 0.5, 0.2, 4, 1.0): (1.0, 1.0) in 10.55s
326/675 (5, 1000, 0.1, 2, 6, 6.0, 10, 12, 0.01, 0.001, 0.5, 1.0, 4, 1.0): (1.0, 1.0) in 10.07s
327/675 (5, 1000, 0.1, 2, 6, 6.0, 10, 12, 0.01, 0.001, 0.5, 5.0, 4, 1.0): (1.0, 1.0) in 9.37s
328/675 (5, 1000, 0.1, 2, 6, 6.0, 10, 12, 0.01, 0.001, 0.75, 0.2, 4, 1.0): (1.0, 1.0) in 10.72s
329/675 (5, 1000, 0.1, 2, 6, 6.0, 10, 12, 0.01, 0.001, 0.75, 1.0, 4, 1.0): (1.0, 1.0) in 10.03s
330/675 (5, 1000, 0.1, 2, 6, 6.0, 10, 12, 0.01, 0.001, 0.75, 5.0, 4, 1.0): (1.0, 1.0) in 10.08s
331/675 (5, 1000, 0.1, 2, 6, 6.0, 10, 12, 0.01, 0.001, 0.9, 0.2, 4, 1.0): (1.0, 1.0) in 10.80s
332/675 (5, 1000, 0.1, 2, 6, 6.0, 10, 12, 0.01, 0.001, 0.9, 1.0, 4, 1.0): (1.0, 1.0) in 10.59s
333/675 (5, 1000, 0.1, 2, 6, 6.0, 10, 12, 0.01, 0.001, 0.9, 5.0, 4, 1.0): (1.0, 1.0) in 10.28s
334/675 (5, 1000, 0.1, 2, 6, 6.0, 10, 12, 0.01, 0.01, 0.5, 0.2, 4, 1.0): (1.0, 1.0) in 11.75s
335/675 (5, 1000, 0.1, 2, 6, 6.0, 10, 12, 0.01, 0.01, 0.5, 1.0, 4, 1.0): (1.0, 1.0) in 10.17s
336/675 (5, 1000, 0.1, 2, 6, 6.0, 10, 12, 0.01, 0.01, 0.5, 5.0, 4, 1.0): (1.0, 1.0) in 9.86s
337/675 (5, 1000, 0.1, 2, 6, 6.0, 10, 12, 0.01, 0.01, 0.75, 0.2, 4, 1.0): (1.0, 1.0) in 10.77s
338/675 (5, 1000, 0.1, 2, 6, 6.0, 10, 12, 0.01, 0.01, 0.75, 1.0, 4, 1.0): (1.0, 1.0) in 10.19s
339/675 (5, 1000, 0.1, 2, 6, 6.0, 10, 12, 0.01, 0.01, 0.75, 5.0, 4, 1.0): (1.0, 1.0) in 9.77s
340/675 (5, 1000, 0.1, 2, 6, 6.0, 10, 12, 0.01, 0.01, 0.9, 0.2, 4, 1.0): (1.0, 1.0) in 10.88s
341/675 (5, 1000, 0.1, 2, 6, 6.0, 10, 12, 0.01, 0.01, 0.9, 1.0, 4, 1.0): (1.0, 1.0) in 9.98s
342/675 (5, 1000, 0.1, 2, 6, 6.0, 10, 12, 0.01, 0.01, 0.9, 5.0, 4, 1.0): (1.0, 1.0) in 10.08s
343/675 (5, 1000, 0.1, 2, 6, 6.0, 10, 12, 0.01, 0.05, 0.5, 0.2, 4, 1.0): (1.0, 1.0) in 13.58s
344/675 (5, 1000, 0.1, 2, 6, 6.0, 10, 12, 0.01, 0.05, 0.5, 1.0, 4, 1.0): (1.0, 1.0) in 11.20s
345/675 (5, 1000, 0.1, 2, 6, 6.0, 10, 12, 0.01, 0.05, 0.5, 5.0, 4, 1.0): (1.0, 1.0) in 10.55s
346/675 (5, 1000, 0.1, 2, 6, 6.0, 10, 12, 0.01, 0.05, 0.75, 0.2, 4, 1.0): (1.0, 1.0) in 12.92s
347/675 (5, 1000, 0.1, 2, 6, 6.0, 10, 12, 0.01, 0.05, 0.75, 1.0, 4, 1.0): (1.0, 1.0) in 10.60s
348/675 (5, 1000, 0.1, 2, 6, 6.0, 10, 12, 0.01, 0.05, 0.75, 5.0, 4, 1.0): (1.0, 1.0) in 10.20s
349/675 (5, 1000, 0.1, 2, 6, 6.0, 10, 12, 0.01, 0.05, 0.9, 0.2, 4, 1.0): (1.0, 1.0) in 12.46s
350/675 (5, 1000, 0.1, 2, 6, 6.0, 10, 12, 0.01, 0.05, 0.9, 1.0, 4, 1.0): (1.0, 1.0) in 10.82s
351/675 (5, 1000, 0.1, 2, 6, 6.0, 10, 12, 0.01, 0.05, 0.9, 5.0, 4, 1.0): (1.0, 1.0) in 10.69s
352/675 (5, 1000, 0.1, 2, 6, 6.0, 10, 12, 0.01, 0.1, 0.5, 0.2, 4, 1.0): (1.0, 1.0) in 16.90s
353/675 (5, 1000, 0.1, 2, 6, 6.0, 10, 12, 0.01, 0.1, 0.5, 1.0, 4, 1.0): (1.0, 1.0) in 11.90s
354/675 (5, 1000, 0.1, 2, 6, 6.0, 10, 12, 0.01, 0.1, 0.5, 5.0, 4, 1.0): (1.0, 1.0) in 11.53s
355/675 (5, 1000, 0.1, 2, 6, 6.0, 10, 12, 0.01, 0.1, 0.75, 0.2, 4, 1.0): (1.0, 1.0) in 15.10s
356/675 (5, 1000, 0.1, 2, 6, 6.0, 10, 12, 0.01, 0.1, 0.75, 1.0, 4, 1.0): (1.0, 1.0) in 11.34s
357/675 (5, 1000, 0.1, 2, 6, 6.0, 10, 12, 0.01, 0.1, 0.75, 5.0, 4, 1.0): (1.0, 1.0) in 10.30s
358/675 (5, 1000, 0.1, 2, 6, 6.0, 10, 12, 0.01, 0.1, 0.9, 0.2, 4, 1.0): (1.0, 1.0) in 15.22s
359/675 (5, 1000, 0.1, 2, 6, 6.0, 10, 12, 0.01, 0.1, 0.9, 1.0, 4, 1.0): (1.0, 1.0) in 11.09s
360/675 (5, 1000, 0.1, 2, 6, 6.0, 10, 12, 0.01, 0.1, 0.9, 5.0, 4, 1.0): (1.0, 1.0) in 11.30s
361/675 (5, 1000, 0.1, 2, 6, 6.0, 10, 12, 0.02, 0.0, 0.5, 0.2, 4, 1.0): (1.0, 1.0) in 12.62s
362/675 (5, 1000, 0.1, 2, 6, 6.0, 10, 12, 0.02, 0.0, 0.5, 1.0, 4, 1.0): (1.0, 1.0) in 11.40s
363/675 (5, 1000, 0.1, 2, 6, 6.0, 10, 12, 0.02, 0.0, 0.5, 5.0, 4, 1.0): (1.0, 1.0) in 11.16s
364/675 (5, 1000, 0.1, 2, 6, 6.0, 10, 12, 0.02, 0.0, 0.75, 0.2, 4, 1.0): (1.0, 1.0) in 12.98s
365/675 (5, 1000, 0.1, 2, 6, 6.0, 10, 12, 0.02, 0.0, 0.75, 1.0, 4, 1.0): (1.0, 1.0) in 11.17s
366/675 (5, 1000, 0.1, 2, 6, 6.0, 10, 12, 0.02, 0.0, 0.75, 5.0, 4, 1.0): (1.0, 1.0) in 10.81s
367/675 (5, 1000, 0.1, 2, 6, 6.0, 10, 12, 0.02, 0.0, 0.9, 0.2, 4, 1.0): (1.0, 1.0) in 13.01s
368/675 (5, 1000, 0.1, 2, 6, 6.0, 10, 12, 0.02, 0.0, 0.9, 1.0, 4, 1.0): (1.0, 1.0) in 11.03s
369/675 (5, 1000, 0.1, 2, 6, 6.0, 10, 12, 0.02, 0.0, 0.9, 5.0, 4, 1.0): (1.0, 1.0) in 11.90s
370/675 (5, 1000, 0.1, 2, 6, 6.0, 10, 12, 0.02, 0.001, 0.5, 0.2, 4, 1.0): (1.0, 1.0) in 13.18s
371/675 (5, 1000, 0.1, 2, 6, 6.0, 10, 12, 0.02, 0.001, 0.5, 1.0, 4, 1.0): (1.0, 1.0) in 11.01s
372/675 (5, 1000, 0.1, 2, 6, 6.0, 10, 12, 0.02, 0.001, 0.5, 5.0, 4, 1.0): (1.0, 1.0) in 11.07s
373/675 (5, 1000, 0.1, 2, 6, 6.0, 10, 12, 0.02, 0.001, 0.75, 0.2, 4, 1.0): (1.0, 1.0) in 13.29s
374/675 (5, 1000, 0.1, 2, 6, 6.0, 10, 12, 0.02, 0.001, 0.75, 1.0, 4, 1.0): (1.0, 1.0) in 11.05s
375/675 (5, 1000, 0.1, 2, 6, 6.0, 10, 12, 0.02, 0.001, 0.75, 5.0, 4, 1.0): (1.0, 1.0) in 10.92s
376/675 (5, 1000, 0.1, 2, 6, 6.0, 10, 12, 0.02, 0.001, 0.9, 0.2, 4, 1.0): (1.0, 1.0) in 12.77s
377/675 (5, 1000, 0.1, 2, 6, 6.0, 10, 12, 0.02, 0.001, 0.9, 1.0, 4, 1.0): (1.0, 1.0) in 11.27s
378/675 (5, 1000, 0.1, 2, 6, 6.0, 10, 12, 0.02, 0.001, 0.9, 5.0, 4, 1.0): (1.0, 1.0) in 10.74s
379/675 (5, 1000, 0.1, 2, 6, 6.0, 10, 12, 0.02, 0.01, 0.5, 0.2, 4, 1.0): (1.0, 1.0) in 13.49s
380/675 (5, 1000, 0.1, 2, 6, 6.0, 10, 12, 0.02, 0.01, 0.5, 1.0, 4, 1.0): (1.0, 1.0) in 11.96s
381/675 (5, 1000, 0.1, 2, 6, 6.0, 10, 12, 0.02, 0.01, 0.5, 5.0, 4, 1.0): (1.0, 1.0) in 10.88s
382/675 (5, 1000, 0.1, 2, 6, 6.0, 10, 12, 0.02, 0.01, 0.75, 0.2, 4, 1.0): (1.0, 1.0) in 13.24s
383/675 (5, 1000, 0.1, 2, 6, 6.0, 10, 12, 0.02, 0.01, 0.75, 1.0, 4, 1.0): (1.0, 1.0) in 12.03s
384/675 (5, 1000, 0.1, 2, 6, 6.0, 10, 12, 0.02, 0.01, 0.75, 5.0, 4, 1.0): (1.0, 1.0) in 10.67s
385/675 (5, 1000, 0.1, 2, 6, 6.0, 10, 12, 0.02, 0.01, 0.9, 0.2, 4, 1.0): (1.0, 1.0) in 12.94s
386/675 (5, 1000, 0.1, 2, 6, 6.0, 10, 12, 0.02, 0.01, 0.9, 1.0, 4, 1.0): (1.0, 1.0) in 11.28s
387/675 (5, 1000, 0.1, 2, 6, 6.0, 10, 12, 0.02, 0.01, 0.9, 5.0, 4, 1.0): (1.0, 1.0) in 10.43s
388/675 (5, 1000, 0.1, 2, 6, 6.0, 10, 12, 0.02, 0.05, 0.5, 0.2, 4, 1.0): (1.0, 1.0) in 16.98s
389/675 (5, 1000, 0.1, 2, 6, 6.0, 10, 12, 0.02, 0.05, 0.5, 1.0, 4, 1.0): (1.0, 1.0) in 12.13s
390/675 (5, 1000, 0.1, 2, 6, 6.0, 10, 12, 0.02, 0.05, 0.5, 5.0, 4, 1.0): (1.0, 1.0) in 12.51s
391/675 (5, 1000, 0.1, 2, 6, 6.0, 10, 12, 0.02, 0.05, 0.75, 0.2, 4, 1.0): (1.0, 1.0) in 16.35s
392/675 (5, 1000, 0.1, 2, 6, 6.0, 10, 12, 0.02, 0.05, 0.75, 1.0, 4, 1.0): (1.0, 1.0) in 11.82s
393/675 (5, 1000, 0.1, 2, 6, 6.0, 10, 12, 0.02, 0.05, 0.75, 5.0, 4, 1.0): (1.0, 1.0) in 10.80s
394/675 (5, 1000, 0.1, 2, 6, 6.0, 10, 12, 0.02, 0.05, 0.9, 0.2, 4, 1.0): (1.0, 1.0) in 16.54s
395/675 (5, 1000, 0.1, 2, 6, 6.0, 10, 12, 0.02, 0.05, 0.9, 1.0, 4, 1.0): (1.0, 1.0) in 12.09s
396/675 (5, 1000, 0.1, 2, 6, 6.0, 10, 12, 0.02, 0.05, 0.9, 5.0, 4, 1.0): (1.0, 1.0) in 10.90s
397/675 (5, 1000, 0.1, 2, 6, 6.0, 10, 12, 0.02, 0.1, 0.5, 0.2, 4, 1.0): (1.0, 1.0) in 20.96s
398/675 (5, 1000, 0.1, 2, 6, 6.0, 10, 12, 0.02, 0.1, 0.5, 1.0, 4, 1.0): (1.0, 1.0) in 13.54s
399/675 (5, 1000, 0.1, 2, 6, 6.0, 10, 12, 0.02, 0.1, 0.5, 5.0, 4, 1.0): (1.0, 1.0) in 12.45s
400/675 (5, 1000, 0.1, 2, 6, 6.0, 10, 12, 0.02, 0.1, 0.75, 0.2, 4, 1.0): (1.0, 1.0) in 19.74s
401/675 (5, 1000, 0.1, 2, 6, 6.0, 10, 12, 0.02, 0.1, 0.75, 1.0, 4, 1.0): (1.0, 1.0) in 12.84s
402/675 (5, 1000, 0.1, 2, 6, 6.0, 10, 12, 0.02, 0.1, 0.75, 5.0, 4, 1.0): (1.0, 1.0) in 13.27s
403/675 (5, 1000, 0.1, 2, 6, 6.0, 10, 12, 0.02, 0.1, 0.9, 0.2, 4, 1.0): (1.0, 1.0) in 18.88s
404/675 (5, 1000, 0.1, 2, 6, 6.0, 10, 12, 0.02, 0.1, 0.9, 1.0, 4, 1.0): (1.0, 1.0) in 12.85s
405/675 (5, 1000, 0.1, 2, 6, 6.0, 10, 12, 0.02, 0.1, 0.9, 5.0, 4, 1.0): (1.0, 1.0) in 12.25s
406/675 (5, 1000, 0.1, 2, 6, 6.0, 10, 12, 0.05, 0.0, 0.5, 0.2, 4, 1.0): (1.0, 1.0) in 22.02s
407/675 (5, 1000, 0.1, 2, 6, 6.0, 10, 12, 0.05, 0.0, 0.5, 1.0, 4, 1.0): (1.0, 1.0) in 16.15s
408/675 (5, 1000, 0.1, 2, 6, 6.0, 10, 12, 0.05, 0.0, 0.5, 5.0, 4, 1.0): (1.0, 1.0) in 12.96s
409/675 (5, 1000, 0.1, 2, 6, 6.0, 10, 12, 0.05, 0.0, 0.75, 0.2, 4, 1.0): (1.0, 1.0) in 22.03s
410/675 (5, 1000, 0.1, 2, 6, 6.0, 10, 12, 0.05, 0.0, 0.75, 1.0, 4, 1.0): (1.0, 1.0) in 15.72s
411/675 (5, 1000, 0.1, 2, 6, 6.0, 10, 12, 0.05, 0.0, 0.75, 5.0, 4, 1.0): (1.0, 1.0) in 13.94s
412/675 (5, 1000, 0.1, 2, 6, 6.0, 10, 12, 0.05, 0.0, 0.9, 0.2, 4, 1.0): (1.0, 1.0) in 21.53s
413/675 (5, 1000, 0.1, 2, 6, 6.0, 10, 12, 0.05, 0.0, 0.9, 1.0, 4, 1.0): (1.0, 1.0) in 15.35s
414/675 (5, 1000, 0.1, 2, 6, 6.0, 10, 12, 0.05, 0.0, 0.9, 5.0, 4, 1.0): (1.0, 1.0) in 13.67s
415/675 (5, 1000, 0.1, 2, 6, 6.0, 10, 12, 0.05, 0.001, 0.5, 0.2, 4, 1.0): (1.0, 1.0) in 22.51s
416/675 (5, 1000, 0.1, 2, 6, 6.0, 10, 12, 0.05, 0.001, 0.5, 1.0, 4, 1.0): (1.0, 1.0) in 14.96s
417/675 (5, 1000, 0.1, 2, 6, 6.0, 10, 12, 0.05, 0.001, 0.5, 5.0, 4, 1.0): (1.0, 1.0) in 12.98s
418/675 (5, 1000, 0.1, 2, 6, 6.0, 10, 12, 0.05, 0.001, 0.75, 0.2, 4, 1.0): (1.0, 1.0) in 21.81s
419/675 (5, 1000, 0.1, 2, 6, 6.0, 10, 12, 0.05, 0.001, 0.75, 1.0, 4, 1.0): (1.0, 1.0) in 15.16s
420/675 (5, 1000, 0.1, 2, 6, 6.0, 10, 12, 0.05, 0.001, 0.75, 5.0, 4, 1.0): (1.0, 1.0) in 13.32s
421/675 (5, 1000, 0.1, 2, 6, 6.0, 10, 12, 0.05, 0.001, 0.9, 0.2, 4, 1.0): (1.0, 1.0) in 21.28s
422/675 (5, 1000, 0.1, 2, 6, 6.0, 10, 12, 0.05, 0.001, 0.9, 1.0, 4, 1.0): (1.0, 1.0) in 14.68s
423/675 (5, 1000, 0.1, 2, 6, 6.0, 10, 12, 0.05, 0.001, 0.9, 5.0, 4, 1.0): (1.0, 1.0) in 13.50s
424/675 (5, 1000, 0.1, 2, 6, 6.0, 10, 12, 0.05, 0.01, 0.5, 0.2, 4, 1.0): (1.0, 1.0) in 24.37s
425/675 (5, 1000, 0.1, 2, 6, 6.0, 10, 12, 0.05, 0.01, 0.5, 1.0, 4, 1.0): (1.0, 1.0) in 15.51s
426/675 (5, 1000, 0.1, 2, 6, 6.0, 10, 12, 0.05, 0.01, 0.5, 5.0, 4, 1.0): (1.0, 1.0) in 14.79s
427/675 (5, 1000, 0.1, 2, 6, 6.0, 10, 12, 0.05, 0.01, 0.75, 0.2, 4, 1.0): (1.0, 1.0) in 22.83s
428/675 (5, 1000, 0.1, 2, 6, 6.0, 10, 12, 0.05, 0.01, 0.75, 1.0, 4, 1.0): (1.0, 1.0) in 14.89s
429/675 (5, 1000, 0.1, 2, 6, 6.0, 10, 12, 0.05, 0.01, 0.75, 5.0, 4, 1.0): (1.0, 1.0) in 13.05s
430/675 (5, 1000, 0.1, 2, 6, 6.0, 10, 12, 0.05, 0.01, 0.9, 0.2, 4, 1.0): (1.0, 1.0) in 21.86s
431/675 (5, 1000, 0.1, 2, 6, 6.0, 10, 12, 0.05, 0.01, 0.9, 1.0, 4, 1.0): (1.0, 1.0) in 16.43s
432/675 (5, 1000, 0.1, 2, 6, 6.0, 10, 12, 0.05, 0.01, 0.9, 5.0, 4, 1.0): (1.0, 1.0) in 13.12s
433/675 (5, 1000, 0.1, 2, 6, 6.0, 10, 12, 0.05, 0.05, 0.5, 0.2, 4, 1.0): (1.0, 1.0) in 29.99s
434/675 (5, 1000, 0.1, 2, 6, 6.0, 10, 12, 0.05, 0.05, 0.5, 1.0, 4, 1.0): (1.0, 1.0) in 17.22s
435/675 (5, 1000, 0.1, 2, 6, 6.0, 10, 12, 0.05, 0.05, 0.5, 5.0, 4, 1.0): (1.0, 1.0) in 14.04s
436/675 (5, 1000, 0.1, 2, 6, 6.0, 10, 12, 0.05, 0.05, 0.75, 0.2, 4, 1.0): (1.0, 1.0) in 27.05s
437/675 (5, 1000, 0.1, 2, 6, 6.0, 10, 12, 0.05, 0.05, 0.75, 1.0, 4, 1.0): (1.0, 1.0) in 16.71s
438/675 (5, 1000, 0.1, 2, 6, 6.0, 10, 12, 0.05, 0.05, 0.75, 5.0, 4, 1.0): (1.0, 1.0) in 13.59s
439/675 (5, 1000, 0.1, 2, 6, 6.0, 10, 12, 0.05, 0.05, 0.9, 0.2, 4, 1.0): (1.0, 1.0) in 26.09s
440/675 (5, 1000, 0.1, 2, 6, 6.0, 10, 12, 0.05, 0.05, 0.9, 1.0, 4, 1.0): (1.0, 1.0) in 16.71s
441/675 (5, 1000, 0.1, 2, 6, 6.0, 10, 12, 0.05, 0.05, 0.9, 5.0, 4, 1.0): (1.0, 1.0) in 13.57s
442/675 (5, 1000, 0.1, 2, 6, 6.0, 10, 12, 0.05, 0.1, 0.5, 0.2, 4, 1.0): (1.0, 1.0) in 35.91s
443/675 (5, 1000, 0.1, 2, 6, 6.0, 10, 12, 0.05, 0.1, 0.5, 1.0, 4, 1.0): (1.0, 1.0) in 19.08s
444/675 (5, 1000, 0.1, 2, 6, 6.0, 10, 12, 0.05, 0.1, 0.5, 5.0, 4, 1.0): (1.0, 1.0) in 15.16s
445/675 (5, 1000, 0.1, 2, 6, 6.0, 10, 12, 0.05, 0.1, 0.75, 0.2, 4, 1.0): (1.0, 1.0) in 31.24s
446/675 (5, 1000, 0.1, 2, 6, 6.0, 10, 12, 0.05, 0.1, 0.75, 1.0, 4, 1.0): (1.0, 1.0) in 18.22s
447/675 (5, 1000, 0.1, 2, 6, 6.0, 10, 12, 0.05, 0.1, 0.75, 5.0, 4, 1.0): (1.0, 1.0) in 14.33s
448/675 (5, 1000, 0.1, 2, 6, 6.0, 10, 12, 0.05, 0.1, 0.9, 0.2, 4, 1.0): (1.0, 1.0) in 29.95s
449/675 (5, 1000, 0.1, 2, 6, 6.0, 10, 12, 0.05, 0.1, 0.9, 1.0, 4, 1.0): (1.0, 1.0) in 18.84s
450/675 (5, 1000, 0.1, 2, 6, 6.0, 10, 12, 0.05, 0.1, 0.9, 5.0, 4, 1.0): (1.0, 1.0) in 13.66s
451/675 (5, 1000, 0.1, 2, 6, 10.0, 10, 12, 0.0, 0.0, 0.5, 0.2, 4, 1.0): (0.9666666666666667, 1.6) in 9.27s
452/675 (5, 1000, 0.1, 2, 6, 10.0, 10, 12, 0.0, 0.0, 0.5, 1.0, 4, 1.0): (1.0, 1.2) in 9.48s
453/675 (5, 1000, 0.1, 2, 6, 10.0, 10, 12, 0.0, 0.0, 0.5, 5.0, 4, 1.0): (0.9666666666666667, 1.0666666666666667) in 9.33s
454/675 (5, 1000, 0.1, 2, 6, 10.0, 10, 12, 0.0, 0.0, 0.75, 0.2, 4, 1.0): (0.9666666666666667, 1.8) in 9.32s
455/675 (5, 1000, 0.1, 2, 6, 10.0, 10, 12, 0.0, 0.0, 0.75, 1.0, 4, 1.0): (0.9666666666666667, 1.0666666666666667) in 9.37s
456/675 (5, 1000, 0.1, 2, 6, 10.0, 10, 12, 0.0, 0.0, 0.75, 5.0, 4, 1.0): (0.9333333333333333, 1.1333333333333333) in 8.81s
457/675 (5, 1000, 0.1, 2, 6, 10.0, 10, 12, 0.0, 0.0, 0.9, 0.2, 4, 1.0): (0.9666666666666667, 1.5333333333333334) in 9.17s
458/675 (5, 1000, 0.1, 2, 6, 10.0, 10, 12, 0.0, 0.0, 0.9, 1.0, 4, 1.0): (0.9666666666666667, 1.1666666666666667) in 9.70s
459/675 (5, 1000, 0.1, 2, 6, 10.0, 10, 12, 0.0, 0.0, 0.9, 5.0, 4, 1.0): (0.9666666666666667, 1.0666666666666667) in 8.87s
460/675 (5, 1000, 0.1, 2, 6, 10.0, 10, 12, 0.0, 0.001, 0.5, 0.2, 4, 1.0): (0.9555555555555556, 2.0) in 9.26s
461/675 (5, 1000, 0.1, 2, 6, 10.0, 10, 12, 0.0, 0.001, 0.5, 1.0, 4, 1.0): (0.9666666666666667, 1.0666666666666667) in 9.47s
462/675 (5, 1000, 0.1, 2, 6, 10.0, 10, 12, 0.0, 0.001, 0.5, 5.0, 4, 1.0): (0.9333333333333333, 1.1666666666666667) in 8.99s
463/675 (5, 1000, 0.1, 2, 6, 10.0, 10, 12, 0.0, 0.001, 0.75, 0.2, 4, 1.0): (1.0, 1.4) in 9.00s
464/675 (5, 1000, 0.1, 2, 6, 10.0, 10, 12, 0.0, 0.001, 0.75, 1.0, 4, 1.0): (1.0, 1.2333333333333334) in 9.85s
465/675 (5, 1000, 0.1, 2, 6, 10.0, 10, 12, 0.0, 0.001, 0.75, 5.0, 4, 1.0): (1.0, 1.0) in 9.03s
466/675 (5, 1000, 0.1, 2, 6, 10.0, 10, 12, 0.0, 0.001, 0.9, 0.2, 4, 1.0): (0.9666666666666667, 1.4333333333333333) in 9.33s
467/675 (5, 1000, 0.1, 2, 6, 10.0, 10, 12, 0.0, 0.001, 0.9, 1.0, 4, 1.0): (0.9666666666666667, 1.0666666666666667) in 9.15s
468/675 (5, 1000, 0.1, 2, 6, 10.0, 10, 12, 0.0, 0.001, 0.9, 5.0, 4, 1.0): (1.0, 1.0) in 9.02s
469/675 (5, 1000, 0.1, 2, 6, 10.0, 10, 12, 0.0, 0.01, 0.5, 0.2, 4, 1.0): (1.0, 1.1) in 9.18s
470/675 (5, 1000, 0.1, 2, 6, 10.0, 10, 12, 0.0, 0.01, 0.5, 1.0, 4, 1.0): (1.0, 1.0) in 9.36s
471/675 (5, 1000, 0.1, 2, 6, 10.0, 10, 12, 0.0, 0.01, 0.5, 5.0, 4, 1.0): (1.0, 1.0) in 8.85s
472/675 (5, 1000, 0.1, 2, 6, 10.0, 10, 12, 0.0, 0.01, 0.75, 0.2, 4, 1.0): (1.0, 1.0333333333333334) in 9.66s
473/675 (5, 1000, 0.1, 2, 6, 10.0, 10, 12, 0.0, 0.01, 0.75, 1.0, 4, 1.0): (1.0, 1.0) in 9.39s
474/675 (5, 1000, 0.1, 2, 6, 10.0, 10, 12, 0.0, 0.01, 0.75, 5.0, 4, 1.0): (1.0, 1.0) in 9.52s
475/675 (5, 1000, 0.1, 2, 6, 10.0, 10, 12, 0.0, 0.01, 0.9, 0.2, 4, 1.0): (1.0, 1.0) in 9.43s
476/675 (5, 1000, 0.1, 2, 6, 10.0, 10, 12, 0.0, 0.01, 0.9, 1.0, 4, 1.0): (1.0, 1.0333333333333334) in 9.28s
477/675 (5, 1000, 0.1, 2, 6, 10.0, 10, 12, 0.0, 0.01, 0.9, 5.0, 4, 1.0): (1.0, 1.0333333333333334) in 9.88s
478/675 (5, 1000, 0.1, 2, 6, 10.0, 10, 12, 0.0, 0.05, 0.5, 0.2, 4, 1.0): (1.0, 1.0) in 9.56s
479/675 (5, 1000, 0.1, 2, 6, 10.0, 10, 12, 0.0, 0.05, 0.5, 1.0, 4, 1.0): (1.0, 1.0) in 9.81s
480/675 (5, 1000, 0.1, 2, 6, 10.0, 10, 12, 0.0, 0.05, 0.5, 5.0, 4, 1.0): (1.0, 1.0) in 9.21s
481/675 (5, 1000, 0.1, 2, 6, 10.0, 10, 12, 0.0, 0.05, 0.75, 0.2, 4, 1.0): (1.0, 1.0) in 9.79s
482/675 (5, 1000, 0.1, 2, 6, 10.0, 10, 12, 0.0, 0.05, 0.75, 1.0, 4, 1.0): (1.0, 1.0) in 9.96s
483/675 (5, 1000, 0.1, 2, 6, 10.0, 10, 12, 0.0, 0.05, 0.75, 5.0, 4, 1.0): (1.0, 1.0) in 11.58s
484/675 (5, 1000, 0.1, 2, 6, 10.0, 10, 12, 0.0, 0.05, 0.9, 0.2, 4, 1.0): (1.0, 1.0333333333333334) in 9.69s
485/675 (5, 1000, 0.1, 2, 6, 10.0, 10, 12, 0.0, 0.05, 0.9, 1.0, 4, 1.0): (1.0, 1.0) in 9.55s
486/675 (5, 1000, 0.1, 2, 6, 10.0, 10, 12, 0.0, 0.05, 0.9, 5.0, 4, 1.0): (1.0, 1.0) in 9.71s
487/675 (5, 1000, 0.1, 2, 6, 10.0, 10, 12, 0.0, 0.1, 0.5, 0.2, 4, 1.0): (1.0, 1.0) in 10.05s
488/675 (5, 1000, 0.1, 2, 6, 10.0, 10, 12, 0.0, 0.1, 0.5, 1.0, 4, 1.0): (1.0, 1.0) in 10.90s
489/675 (5, 1000, 0.1, 2, 6, 10.0, 10, 12, 0.0, 0.1, 0.5, 5.0, 4, 1.0): (1.0, 1.0) in 10.17s
490/675 (5, 1000, 0.1, 2, 6, 10.0, 10, 12, 0.0, 0.1, 0.75, 0.2, 4, 1.0): (1.0, 1.0) in 10.10s
491/675 (5, 1000, 0.1, 2, 6, 10.0, 10, 12, 0.0, 0.1, 0.75, 1.0, 4, 1.0): (1.0, 1.0) in 10.45s
492/675 (5, 1000, 0.1, 2, 6, 10.0, 10, 12, 0.0, 0.1, 0.75, 5.0, 4, 1.0): (1.0, 1.0) in 10.17s
493/675 (5, 1000, 0.1, 2, 6, 10.0, 10, 12, 0.0, 0.1, 0.9, 0.2, 4, 1.0): (1.0, 1.0) in 9.89s
494/675 (5, 1000, 0.1, 2, 6, 10.0, 10, 12, 0.0, 0.1, 0.9, 1.0, 4, 1.0): (1.0, 1.0) in 9.93s
495/675 (5, 1000, 0.1, 2, 6, 10.0, 10, 12, 0.0, 0.1, 0.9, 5.0, 4, 1.0): (1.0, 1.0) in 9.74s
496/675 (5, 1000, 0.1, 2, 6, 10.0, 10, 12, 0.001, 0.0, 0.5, 0.2, 4, 1.0): (1.0, 1.8666666666666667) in 9.30s
497/675 (5, 1000, 0.1, 2, 6, 10.0, 10, 12, 0.001, 0.0, 0.5, 1.0, 4, 1.0): (1.0, 1.1) in 9.70s
498/675 (5, 1000, 0.1, 2, 6, 10.0, 10, 12, 0.001, 0.0, 0.5, 5.0, 4, 1.0): (0.9666666666666667, 1.0666666666666667) in 9.12s
499/675 (5, 1000, 0.1, 2, 6, 10.0, 10, 12, 0.001, 0.0, 0.75, 0.2, 4, 1.0): (1.0, 1.6) in 9.09s
500/675 (5, 1000, 0.1, 2, 6, 10.0, 10, 12, 0.001, 0.0, 0.75, 1.0, 4, 1.0): (0.9666666666666667, 1.0666666666666667) in 9.14s
501/675 (5, 1000, 0.1, 2, 6, 10.0, 10, 12, 0.001, 0.0, 0.75, 5.0, 4, 1.0): (1.0, 1.0) in 9.07s
502/675 (5, 1000, 0.1, 2, 6, 10.0, 10, 12, 0.001, 0.0, 0.9, 0.2, 4, 1.0): (1.0, 1.7333333333333334) in 9.06s
503/675 (5, 1000, 0.1, 2, 6, 10.0, 10, 12, 0.001, 0.0, 0.9, 1.0, 4, 1.0): (1.0, 1.1) in 9.55s
504/675 (5, 1000, 0.1, 2, 6, 10.0, 10, 12, 0.001, 0.0, 0.9, 5.0, 4, 1.0): (1.0, 1.0) in 8.89s
505/675 (5, 1000, 0.1, 2, 6, 10.0, 10, 12, 0.001, 0.001, 0.5, 0.2, 4, 1.0): (0.9388888888888888, 1.7666666666666666) in 9.80s
506/675 (5, 1000, 0.1, 2, 6, 10.0, 10, 12, 0.001, 0.001, 0.5, 1.0, 4, 1.0): (0.9666666666666667, 1.1333333333333333) in 9.57s
507/675 (5, 1000, 0.1, 2, 6, 10.0, 10, 12, 0.001, 0.001, 0.5, 5.0, 4, 1.0): (1.0, 1.0666666666666667) in 9.26s
508/675 (5, 1000, 0.1, 2, 6, 10.0, 10, 12, 0.001, 0.001, 0.75, 0.2, 4, 1.0): (0.9555555555555555, 1.7) in 9.10s
509/675 (5, 1000, 0.1, 2, 6, 10.0, 10, 12, 0.001, 0.001, 0.75, 1.0, 4, 1.0): (1.0, 1.1333333333333333) in 9.29s
510/675 (5, 1000, 0.1, 2, 6, 10.0, 10, 12, 0.001, 0.001, 0.75, 5.0, 4, 1.0): (0.9666666666666667, 1.0) in 9.05s
511/675 (5, 1000, 0.1, 2, 6, 10.0, 10, 12, 0.001, 0.001, 0.9, 0.2, 4, 1.0): (1.0, 1.9333333333333333) in 8.98s
512/675 (5, 1000, 0.1, 2, 6, 10.0, 10, 12, 0.001, 0.001, 0.9, 1.0, 4, 1.0): (1.0, 1.0333333333333334) in 9.14s
513/675 (5, 1000, 0.1, 2, 6, 10.0, 10, 12, 0.001, 0.001, 0.9, 5.0, 4, 1.0): (1.0, 1.0) in 9.04s
514/675 (5, 1000, 0.1, 2, 6, 10.0, 10, 12, 0.001, 0.01, 0.5, 0.2, 4, 1.0): (1.0, 1.0333333333333334) in 9.26s
515/675 (5, 1000, 0.1, 2, 6, 10.0, 10, 12, 0.001, 0.01, 0.5, 1.0, 4, 1.0): (1.0, 1.0) in 10.26s
516/675 (5, 1000, 0.1, 2, 6, 10.0, 10, 12, 0.001, 0.01, 0.5, 5.0, 4, 1.0): (1.0, 1.0) in 9.01s
517/675 (5, 1000, 0.1, 2, 6, 10.0, 10, 12, 0.001, 0.01, 0.75, 0.2, 4, 1.0): (1.0, 1.0) in 9.42s
518/675 (5, 1000, 0.1, 2, 6, 10.0, 10, 12, 0.001, 0.01, 0.75, 1.0, 4, 1.0): (1.0, 1.0) in 9.57s
519/675 (5, 1000, 0.1, 2, 6, 10.0, 10, 12, 0.001, 0.01, 0.75, 5.0, 4, 1.0): (1.0, 1.0) in 10.11s
520/675 (5, 1000, 0.1, 2, 6, 10.0, 10, 12, 0.001, 0.01, 0.9, 0.2, 4, 1.0): (1.0, 1.0) in 9.45s
521/675 (5, 1000, 0.1, 2, 6, 10.0, 10, 12, 0.001, 0.01, 0.9, 1.0, 4, 1.0): (1.0, 1.0) in 9.34s
522/675 (5, 1000, 0.1, 2, 6, 10.0, 10, 12, 0.001, 0.01, 0.9, 5.0, 4, 1.0): (1.0, 1.0) in 9.47s
523/675 (5, 1000, 0.1, 2, 6, 10.0, 10, 12, 0.001, 0.05, 0.5, 0.2, 4, 1.0): (1.0, 1.0) in 9.76s
524/675 (5, 1000, 0.1, 2, 6, 10.0, 10, 12, 0.001, 0.05, 0.5, 1.0, 4, 1.0): (1.0, 1.0) in 9.55s
525/675 (5, 1000, 0.1, 2, 6, 10.0, 10, 12, 0.001, 0.05, 0.5, 5.0, 4, 1.0): (1.0, 1.0) in 9.87s
526/675 (5, 1000, 0.1, 2, 6, 10.0, 10, 12, 0.001, 0.05, 0.75, 0.2, 4, 1.0): (1.0, 1.0) in 9.73s
527/675 (5, 1000, 0.1, 2, 6, 10.0, 10, 12, 0.001, 0.05, 0.75, 1.0, 4, 1.0): (1.0, 1.0) in 9.85s
528/675 (5, 1000, 0.1, 2, 6, 10.0, 10, 12, 0.001, 0.05, 0.75, 5.0, 4, 1.0): (1.0, 1.0) in 9.45s
529/675 (5, 1000, 0.1, 2, 6, 10.0, 10, 12, 0.001, 0.05, 0.9, 0.2, 4, 1.0): (1.0, 1.0333333333333334) in 9.88s
530/675 (5, 1000, 0.1, 2, 6, 10.0, 10, 12, 0.001, 0.05, 0.9, 1.0, 4, 1.0): (1.0, 1.0) in 9.66s
531/675 (5, 1000, 0.1, 2, 6, 10.0, 10, 12, 0.001, 0.05, 0.9, 5.0, 4, 1.0): (1.0, 1.0) in 9.69s
532/675 (5, 1000, 0.1, 2, 6, 10.0, 10, 12, 0.001, 0.1, 0.5, 0.2, 4, 1.0): (1.0, 1.0) in 10.52s
533/675 (5, 1000, 0.1, 2, 6, 10.0, 10, 12, 0.001, 0.1, 0.5, 1.0, 4, 1.0): (1.0, 1.0) in 10.39s
534/675 (5, 1000, 0.1, 2, 6, 10.0, 10, 12, 0.001, 0.1, 0.5, 5.0, 4, 1.0): (1.0, 1.0) in 11.03s
535/675 (5, 1000, 0.1, 2, 6, 10.0, 10, 12, 0.001, 0.1, 0.75, 0.2, 4, 1.0): (1.0, 1.0) in 10.01s
536/675 (5, 1000, 0.1, 2, 6, 10.0, 10, 12, 0.001, 0.1, 0.75, 1.0, 4, 1.0): (1.0, 1.0) in 10.10s
537/675 (5, 1000, 0.1, 2, 6, 10.0, 10, 12, 0.001, 0.1, 0.75, 5.0, 4, 1.0): (1.0, 1.0) in 10.94s
538/675 (5, 1000, 0.1, 2, 6, 10.0, 10, 12, 0.001, 0.1, 0.9, 0.2, 4, 1.0): (1.0, 1.0) in 10.07s
539/675 (5, 1000, 0.1, 2, 6, 10.0, 10, 12, 0.001, 0.1, 0.9, 1.0, 4, 1.0): (1.0, 1.0) in 9.81s
540/675 (5, 1000, 0.1, 2, 6, 10.0, 10, 12, 0.001, 0.1, 0.9, 5.0, 4, 1.0): (1.0, 1.0) in 10.47s
541/675 (5, 1000, 0.1, 2, 6, 10.0, 10, 12, 0.01, 0.0, 0.5, 0.2, 4, 1.0): (1.0, 1.0) in 11.02s
542/675 (5, 1000, 0.1, 2, 6, 10.0, 10, 12, 0.01, 0.0, 0.5, 1.0, 4, 1.0): (1.0, 1.0) in 10.30s
543/675 (5, 1000, 0.1, 2, 6, 10.0, 10, 12, 0.01, 0.0, 0.5, 5.0, 4, 1.0): (1.0, 1.0) in 9.58s
544/675 (5, 1000, 0.1, 2, 6, 10.0, 10, 12, 0.01, 0.0, 0.75, 0.2, 4, 1.0): (1.0, 1.0) in 11.32s
545/675 (5, 1000, 0.1, 2, 6, 10.0, 10, 12, 0.01, 0.0, 0.75, 1.0, 4, 1.0): (1.0, 1.0) in 10.24s
546/675 (5, 1000, 0.1, 2, 6, 10.0, 10, 12, 0.01, 0.0, 0.75, 5.0, 4, 1.0): (1.0, 1.0) in 10.12s
547/675 (5, 1000, 0.1, 2, 6, 10.0, 10, 12, 0.01, 0.0, 0.9, 0.2, 4, 1.0): (1.0, 1.0) in 10.81s
548/675 (5, 1000, 0.1, 2, 6, 10.0, 10, 12, 0.01, 0.0, 0.9, 1.0, 4, 1.0): (1.0, 1.0) in 10.33s
549/675 (5, 1000, 0.1, 2, 6, 10.0, 10, 12, 0.01, 0.0, 0.9, 5.0, 4, 1.0): (1.0, 1.0) in 10.26s
550/675 (5, 1000, 0.1, 2, 6, 10.0, 10, 12, 0.01, 0.001, 0.5, 0.2, 4, 1.0): (1.0, 1.0) in 10.68s
551/675 (5, 1000, 0.1, 2, 6, 10.0, 10, 12, 0.01, 0.001, 0.5, 1.0, 4, 1.0): (1.0, 1.0) in 10.46s
552/675 (5, 1000, 0.1, 2, 6, 10.0, 10, 12, 0.01, 0.001, 0.5, 5.0, 4, 1.0): (1.0, 1.0) in 10.30s
553/675 (5, 1000, 0.1, 2, 6, 10.0, 10, 12, 0.01, 0.001, 0.75, 0.2, 4, 1.0): (1.0, 1.0) in 11.34s
554/675 (5, 1000, 0.1, 2, 6, 10.0, 10, 12, 0.01, 0.001, 0.75, 1.0, 4, 1.0): (1.0, 1.0) in 10.44s
555/675 (5, 1000, 0.1, 2, 6, 10.0, 10, 12, 0.01, 0.001, 0.75, 5.0, 4, 1.0): (1.0, 1.0) in 10.25s
556/675 (5, 1000, 0.1, 2, 6, 10.0, 10, 12, 0.01, 0.001, 0.9, 0.2, 4, 1.0): (1.0, 1.0) in 10.97s
557/675 (5, 1000, 0.1, 2, 6, 10.0, 10, 12, 0.01, 0.001, 0.9, 1.0, 4, 1.0): (1.0, 1.0) in 10.33s
558/675 (5, 1000, 0.1, 2, 6, 10.0, 10, 12, 0.01, 0.001, 0.9, 5.0, 4, 1.0): (1.0, 1.0) in 10.18s
559/675 (5, 1000, 0.1, 2, 6, 10.0, 10, 12, 0.01, 0.01, 0.5, 0.2, 4, 1.0): (1.0, 1.0) in 11.04s
560/675 (5, 1000, 0.1, 2, 6, 10.0, 10, 12, 0.01, 0.01, 0.5, 1.0, 4, 1.0): (1.0, 1.0) in 10.70s
561/675 (5, 1000, 0.1, 2, 6, 10.0, 10, 12, 0.01, 0.01, 0.5, 5.0, 4, 1.0): (1.0, 1.0) in 10.16s
562/675 (5, 1000, 0.1, 2, 6, 10.0, 10, 12, 0.01, 0.01, 0.75, 0.2, 4, 1.0): (1.0, 1.0) in 11.07s
563/675 (5, 1000, 0.1, 2, 6, 10.0, 10, 12, 0.01, 0.01, 0.75, 1.0, 4, 1.0): (1.0, 1.0) in 10.35s
564/675 (5, 1000, 0.1, 2, 6, 10.0, 10, 12, 0.01, 0.01, 0.75, 5.0, 4, 1.0): (1.0, 1.0) in 10.99s
565/675 (5, 1000, 0.1, 2, 6, 10.0, 10, 12, 0.01, 0.01, 0.9, 0.2, 4, 1.0): (1.0, 1.0) in 10.95s
566/675 (5, 1000, 0.1, 2, 6, 10.0, 10, 12, 0.01, 0.01, 0.9, 1.0, 4, 1.0): (1.0, 1.0) in 10.23s
567/675 (5, 1000, 0.1, 2, 6, 10.0, 10, 12, 0.01, 0.01, 0.9, 5.0, 4, 1.0): (1.0, 1.0) in 10.56s
568/675 (5, 1000, 0.1, 2, 6, 10.0, 10, 12, 0.01, 0.05, 0.5, 0.2, 4, 1.0): (1.0, 1.0) in 13.70s
569/675 (5, 1000, 0.1, 2, 6, 10.0, 10, 12, 0.01, 0.05, 0.5, 1.0, 4, 1.0): (1.0, 1.0) in 11.32s
570/675 (5, 1000, 0.1, 2, 6, 10.0, 10, 12, 0.01, 0.05, 0.5, 5.0, 4, 1.0): (1.0, 1.0) in 10.69s
571/675 (5, 1000, 0.1, 2, 6, 10.0, 10, 12, 0.01, 0.05, 0.75, 0.2, 4, 1.0): (1.0, 1.0) in 12.78s
572/675 (5, 1000, 0.1, 2, 6, 10.0, 10, 12, 0.01, 0.05, 0.75, 1.0, 4, 1.0): (1.0, 1.0) in 10.92s
573/675 (5, 1000, 0.1, 2, 6, 10.0, 10, 12, 0.01, 0.05, 0.75, 5.0, 4, 1.0): (1.0, 1.0) in 10.03s
574/675 (5, 1000, 0.1, 2, 6, 10.0, 10, 12, 0.01, 0.05, 0.9, 0.2, 4, 1.0): (1.0, 1.0) in 12.36s
575/675 (5, 1000, 0.1, 2, 6, 10.0, 10, 12, 0.01, 0.05, 0.9, 1.0, 4, 1.0): (1.0, 1.0) in 10.70s
576/675 (5, 1000, 0.1, 2, 6, 10.0, 10, 12, 0.01, 0.05, 0.9, 5.0, 4, 1.0): (1.0, 1.0) in 10.90s
577/675 (5, 1000, 0.1, 2, 6, 10.0, 10, 12, 0.01, 0.1, 0.5, 0.2, 4, 1.0): (1.0, 1.0) in 15.95s
578/675 (5, 1000, 0.1, 2, 6, 10.0, 10, 12, 0.01, 0.1, 0.5, 1.0, 4, 1.0): (1.0, 1.0) in 12.14s
579/675 (5, 1000, 0.1, 2, 6, 10.0, 10, 12, 0.01, 0.1, 0.5, 5.0, 4, 1.0): (1.0, 1.0) in 11.41s
580/675 (5, 1000, 0.1, 2, 6, 10.0, 10, 12, 0.01, 0.1, 0.75, 0.2, 4, 1.0): (1.0, 1.0) in 15.16s
581/675 (5, 1000, 0.1, 2, 6, 10.0, 10, 12, 0.01, 0.1, 0.75, 1.0, 4, 1.0): (1.0, 1.0) in 11.44s
582/675 (5, 1000, 0.1, 2, 6, 10.0, 10, 12, 0.01, 0.1, 0.75, 5.0, 4, 1.0): (1.0, 1.0) in 12.70s
583/675 (5, 1000, 0.1, 2, 6, 10.0, 10, 12, 0.01, 0.1, 0.9, 0.2, 4, 1.0): (1.0, 1.0) in 14.89s
584/675 (5, 1000, 0.1, 2, 6, 10.0, 10, 12, 0.01, 0.1, 0.9, 1.0, 4, 1.0): (1.0, 1.0) in 11.23s
585/675 (5, 1000, 0.1, 2, 6, 10.0, 10, 12, 0.01, 0.1, 0.9, 5.0, 4, 1.0): (1.0, 1.0) in 11.44s
586/675 (5, 1000, 0.1, 2, 6, 10.0, 10, 12, 0.02, 0.0, 0.5, 0.2, 4, 1.0): (1.0, 1.0) in 12.61s
587/675 (5, 1000, 0.1, 2, 6, 10.0, 10, 12, 0.02, 0.0, 0.5, 1.0, 4, 1.0): (1.0, 1.0) in 11.31s
588/675 (5, 1000, 0.1, 2, 6, 10.0, 10, 12, 0.02, 0.0, 0.5, 5.0, 4, 1.0): (1.0, 1.0) in 10.89s
589/675 (5, 1000, 0.1, 2, 6, 10.0, 10, 12, 0.02, 0.0, 0.75, 0.2, 4, 1.0): (1.0, 1.0) in 13.05s
590/675 (5, 1000, 0.1, 2, 6, 10.0, 10, 12, 0.02, 0.0, 0.75, 1.0, 4, 1.0): (1.0, 1.0) in 12.20s
591/675 (5, 1000, 0.1, 2, 6, 10.0, 10, 12, 0.02, 0.0, 0.75, 5.0, 4, 1.0): (1.0, 1.0) in 11.27s
592/675 (5, 1000, 0.1, 2, 6, 10.0, 10, 12, 0.02, 0.0, 0.9, 0.2, 4, 1.0): (1.0, 1.0) in 12.64s
593/675 (5, 1000, 0.1, 2, 6, 10.0, 10, 12, 0.02, 0.0, 0.9, 1.0, 4, 1.0): (1.0, 1.0) in 11.33s
594/675 (5, 1000, 0.1, 2, 6, 10.0, 10, 12, 0.02, 0.0, 0.9, 5.0, 4, 1.0): (1.0, 1.0) in 10.89s
595/675 (5, 1000, 0.1, 2, 6, 10.0, 10, 12, 0.02, 0.001, 0.5, 0.2, 4, 1.0): (1.0, 1.0) in 12.88s
596/675 (5, 1000, 0.1, 2, 6, 10.0, 10, 12, 0.02, 0.001, 0.5, 1.0, 4, 1.0): (1.0, 1.0) in 11.84s
597/675 (5, 1000, 0.1, 2, 6, 10.0, 10, 12, 0.02, 0.001, 0.5, 5.0, 4, 1.0): (1.0, 1.0) in 10.53s
598/675 (5, 1000, 0.1, 2, 6, 10.0, 10, 12, 0.02, 0.001, 0.75, 0.2, 4, 1.0): (1.0, 1.0) in 12.90s
599/675 (5, 1000, 0.1, 2, 6, 10.0, 10, 12, 0.02, 0.001, 0.75, 1.0, 4, 1.0): (1.0, 1.0) in 11.26s
600/675 (5, 1000, 0.1, 2, 6, 10.0, 10, 12, 0.02, 0.001, 0.75, 5.0, 4, 1.0): (1.0, 1.0) in 12.22s
601/675 (5, 1000, 0.1, 2, 6, 10.0, 10, 12, 0.02, 0.001, 0.9, 0.2, 4, 1.0): (1.0, 1.0) in 12.97s
602/675 (5, 1000, 0.1, 2, 6, 10.0, 10, 12, 0.02, 0.001, 0.9, 1.0, 4, 1.0): (1.0, 1.0) in 11.84s
603/675 (5, 1000, 0.1, 2, 6, 10.0, 10, 12, 0.02, 0.001, 0.9, 5.0, 4, 1.0): (1.0, 1.0) in 11.75s
604/675 (5, 1000, 0.1, 2, 6, 10.0, 10, 12, 0.02, 0.01, 0.5, 0.2, 4, 1.0): (1.0, 1.0) in 13.61s
605/675 (5, 1000, 0.1, 2, 6, 10.0, 10, 12, 0.02, 0.01, 0.5, 1.0, 4, 1.0): (1.0, 1.0) in 11.68s
606/675 (5, 1000, 0.1, 2, 6, 10.0, 10, 12, 0.02, 0.01, 0.5, 5.0, 4, 1.0): (1.0, 1.0) in 11.26s
607/675 (5, 1000, 0.1, 2, 6, 10.0, 10, 12, 0.02, 0.01, 0.75, 0.2, 4, 1.0): (1.0, 1.0) in 13.38s
608/675 (5, 1000, 0.1, 2, 6, 10.0, 10, 12, 0.02, 0.01, 0.75, 1.0, 4, 1.0): (1.0, 1.0) in 10.98s
609/675 (5, 1000, 0.1, 2, 6, 10.0, 10, 12, 0.02, 0.01, 0.75, 5.0, 4, 1.0): (1.0, 1.0) in 10.66s
610/675 (5, 1000, 0.1, 2, 6, 10.0, 10, 12, 0.02, 0.01, 0.9, 0.2, 4, 1.0): (1.0, 1.0) in 13.21s
611/675 (5, 1000, 0.1, 2, 6, 10.0, 10, 12, 0.02, 0.01, 0.9, 1.0, 4, 1.0): (1.0, 1.0) in 11.35s
612/675 (5, 1000, 0.1, 2, 6, 10.0, 10, 12, 0.02, 0.01, 0.9, 5.0, 4, 1.0): (1.0, 1.0) in 11.75s
613/675 (5, 1000, 0.1, 2, 6, 10.0, 10, 12, 0.02, 0.05, 0.5, 0.2, 4, 1.0): (1.0, 1.0) in 17.66s
614/675 (5, 1000, 0.1, 2, 6, 10.0, 10, 12, 0.02, 0.05, 0.5, 1.0, 4, 1.0): (1.0, 1.0) in 14.23s
615/675 (5, 1000, 0.1, 2, 6, 10.0, 10, 12, 0.02, 0.05, 0.5, 5.0, 4, 1.0): (1.0, 1.0) in 12.40s
616/675 (5, 1000, 0.1, 2, 6, 10.0, 10, 12, 0.02, 0.05, 0.75, 0.2, 4, 1.0): (1.0, 1.0) in 16.60s
617/675 (5, 1000, 0.1, 2, 6, 10.0, 10, 12, 0.02, 0.05, 0.75, 1.0, 4, 1.0): (1.0, 1.0) in 12.10s
618/675 (5, 1000, 0.1, 2, 6, 10.0, 10, 12, 0.02, 0.05, 0.75, 5.0, 4, 1.0): (1.0, 1.0) in 11.34s
619/675 (5, 1000, 0.1, 2, 6, 10.0, 10, 12, 0.02, 0.05, 0.9, 0.2, 4, 1.0): (1.0, 1.0) in 16.01s
620/675 (5, 1000, 0.1, 2, 6, 10.0, 10, 12, 0.02, 0.05, 0.9, 1.0, 4, 1.0): (1.0, 1.0) in 11.87s
621/675 (5, 1000, 0.1, 2, 6, 10.0, 10, 12, 0.02, 0.05, 0.9, 5.0, 4, 1.0): (1.0, 1.0) in 11.21s
622/675 (5, 1000, 0.1, 2, 6, 10.0, 10, 12, 0.02, 0.1, 0.5, 0.2, 4, 1.0): (1.0, 1.0) in 20.94s
623/675 (5, 1000, 0.1, 2, 6, 10.0, 10, 12, 0.02, 0.1, 0.5, 1.0, 4, 1.0): (1.0, 1.0) in 13.94s
624/675 (5, 1000, 0.1, 2, 6, 10.0, 10, 12, 0.02, 0.1, 0.5, 5.0, 4, 1.0): (1.0, 1.0) in 11.93s
625/675 (5, 1000, 0.1, 2, 6, 10.0, 10, 12, 0.02, 0.1, 0.75, 0.2, 4, 1.0): (1.0, 1.0) in 19.04s
626/675 (5, 1000, 0.1, 2, 6, 10.0, 10, 12, 0.02, 0.1, 0.75, 1.0, 4, 1.0): (1.0, 1.0) in 12.93s
627/675 (5, 1000, 0.1, 2, 6, 10.0, 10, 12, 0.02, 0.1, 0.75, 5.0, 4, 1.0): (1.0, 1.0) in 12.64s
628/675 (5, 1000, 0.1, 2, 6, 10.0, 10, 12, 0.02, 0.1, 0.9, 0.2, 4, 1.0): (1.0, 1.0) in 18.74s
629/675 (5, 1000, 0.1, 2, 6, 10.0, 10, 12, 0.02, 0.1, 0.9, 1.0, 4, 1.0): (1.0, 1.0) in 13.24s
630/675 (5, 1000, 0.1, 2, 6, 10.0, 10, 12, 0.02, 0.1, 0.9, 5.0, 4, 1.0): (1.0, 1.0) in 11.62s
631/675 (5, 1000, 0.1, 2, 6, 10.0, 10, 12, 0.05, 0.0, 0.5, 0.2, 4, 1.0): (1.0, 1.0) in 22.30s
632/675 (5, 1000, 0.1, 2, 6, 10.0, 10, 12, 0.05, 0.0, 0.5, 1.0, 4, 1.0): (1.0, 1.0) in 15.18s
633/675 (5, 1000, 0.1, 2, 6, 10.0, 10, 12, 0.05, 0.0, 0.5, 5.0, 4, 1.0): (1.0, 1.0) in 12.87s
634/675 (5, 1000, 0.1, 2, 6, 10.0, 10, 12, 0.05, 0.0, 0.75, 0.2, 4, 1.0): (1.0, 1.0) in 21.92s
635/675 (5, 1000, 0.1, 2, 6, 10.0, 10, 12, 0.05, 0.0, 0.75, 1.0, 4, 1.0): (1.0, 1.0) in 15.50s
636/675 (5, 1000, 0.1, 2, 6, 10.0, 10, 12, 0.05, 0.0, 0.75, 5.0, 4, 1.0): (1.0, 1.0) in 13.86s
637/675 (5, 1000, 0.1, 2, 6, 10.0, 10, 12, 0.05, 0.0, 0.9, 0.2, 4, 1.0): (1.0, 1.0) in 21.95s
638/675 (5, 1000, 0.1, 2, 6, 10.0, 10, 12, 0.05, 0.0, 0.9, 1.0, 4, 1.0): (1.0, 1.0) in 15.04s
639/675 (5, 1000, 0.1, 2, 6, 10.0, 10, 12, 0.05, 0.0, 0.9, 5.0, 4, 1.0): (1.0, 1.0) in 13.74s
640/675 (5, 1000, 0.1, 2, 6, 10.0, 10, 12, 0.05, 0.001, 0.5, 0.2, 4, 1.0): (1.0, 1.0) in 22.60s
641/675 (5, 1000, 0.1, 2, 6, 10.0, 10, 12, 0.05, 0.001, 0.5, 1.0, 4, 1.0): (1.0, 1.0) in 16.10s
642/675 (5, 1000, 0.1, 2, 6, 10.0, 10, 12, 0.05, 0.001, 0.5, 5.0, 4, 1.0): (1.0, 1.0) in 13.49s
643/675 (5, 1000, 0.1, 2, 6, 10.0, 10, 12, 0.05, 0.001, 0.75, 0.2, 4, 1.0): (1.0, 1.0) in 22.15s
644/675 (5, 1000, 0.1, 2, 6, 10.0, 10, 12, 0.05, 0.001, 0.75, 1.0, 4, 1.0): (1.0, 1.0) in 15.40s
645/675 (5, 1000, 0.1, 2, 6, 10.0, 10, 12, 0.05, 0.001, 0.75, 5.0, 4, 1.0): (1.0, 1.0) in 13.65s
646/675 (5, 1000, 0.1, 2, 6, 10.0, 10, 12, 0.05, 0.001, 0.9, 0.2, 4, 1.0): (1.0, 1.0) in 21.82s
647/675 (5, 1000, 0.1, 2, 6, 10.0, 10, 12, 0.05, 0.001, 0.9, 1.0, 4, 1.0): (1.0, 1.0) in 15.30s
648/675 (5, 1000, 0.1, 2, 6, 10.0, 10, 12, 0.05, 0.001, 0.9, 5.0, 4, 1.0): (1.0, 1.0) in 13.81s
649/675 (5, 1000, 0.1, 2, 6, 10.0, 10, 12, 0.05, 0.01, 0.5, 0.2, 4, 1.0): (1.0, 1.0) in 24.01s
650/675 (5, 1000, 0.1, 2, 6, 10.0, 10, 12, 0.05, 0.01, 0.5, 1.0, 4, 1.0): (1.0, 1.0) in 16.78s
651/675 (5, 1000, 0.1, 2, 6, 10.0, 10, 12, 0.05, 0.01, 0.5, 5.0, 4, 1.0): (1.0, 1.0) in 13.68s
652/675 (5, 1000, 0.1, 2, 6, 10.0, 10, 12, 0.05, 0.01, 0.75, 0.2, 4, 1.0): (1.0, 1.0) in 23.58s
653/675 (5, 1000, 0.1, 2, 6, 10.0, 10, 12, 0.05, 0.01, 0.75, 1.0, 4, 1.0): (1.0, 1.0) in 15.48s
654/675 (5, 1000, 0.1, 2, 6, 10.0, 10, 12, 0.05, 0.01, 0.75, 5.0, 4, 1.0): (1.0, 1.0) in 13.10s
655/675 (5, 1000, 0.1, 2, 6, 10.0, 10, 12, 0.05, 0.01, 0.9, 0.2, 4, 1.0): (1.0, 1.0) in 22.54s
656/675 (5, 1000, 0.1, 2, 6, 10.0, 10, 12, 0.05, 0.01, 0.9, 1.0, 4, 1.0): (1.0, 1.0) in 15.19s
657/675 (5, 1000, 0.1, 2, 6, 10.0, 10, 12, 0.05, 0.01, 0.9, 5.0, 4, 1.0): (1.0, 1.0) in 13.06s
658/675 (5, 1000, 0.1, 2, 6, 10.0, 10, 12, 0.05, 0.05, 0.5, 0.2, 4, 1.0): (1.0, 1.0) in 29.22s
659/675 (5, 1000, 0.1, 2, 6, 10.0, 10, 12, 0.05, 0.05, 0.5, 1.0, 4, 1.0): (1.0, 1.0) in 17.72s
660/675 (5, 1000, 0.1, 2, 6, 10.0, 10, 12, 0.05, 0.05, 0.5, 5.0, 4, 1.0): (1.0, 1.0) in 14.44s
661/675 (5, 1000, 0.1, 2, 6, 10.0, 10, 12, 0.05, 0.05, 0.75, 0.2, 4, 1.0): (1.0, 1.0) in 26.38s
662/675 (5, 1000, 0.1, 2, 6, 10.0, 10, 12, 0.05, 0.05, 0.75, 1.0, 4, 1.0): (1.0, 1.0) in 16.60s
663/675 (5, 1000, 0.1, 2, 6, 10.0, 10, 12, 0.05, 0.05, 0.75, 5.0, 4, 1.0): (1.0, 1.0) in 14.09s
664/675 (5, 1000, 0.1, 2, 6, 10.0, 10, 12, 0.05, 0.05, 0.9, 0.2, 4, 1.0): (1.0, 1.0) in 25.97s
665/675 (5, 1000, 0.1, 2, 6, 10.0, 10, 12, 0.05, 0.05, 0.9, 1.0, 4, 1.0): (1.0, 1.0) in 16.87s
666/675 (5, 1000, 0.1, 2, 6, 10.0, 10, 12, 0.05, 0.05, 0.9, 5.0, 4, 1.0): (1.0, 1.0) in 14.22s
667/675 (5, 1000, 0.1, 2, 6, 10.0, 10, 12, 0.05, 0.1, 0.5, 0.2, 4, 1.0): (1.0, 1.0) in 34.79s
668/675 (5, 1000, 0.1, 2, 6, 10.0, 10, 12, 0.05, 0.1, 0.5, 1.0, 4, 1.0): (1.0, 1.0) in 19.35s
669/675 (5, 1000, 0.1, 2, 6, 10.0, 10, 12, 0.05, 0.1, 0.5, 5.0, 4, 1.0): (1.0, 1.0) in 14.34s
670/675 (5, 1000, 0.1, 2, 6, 10.0, 10, 12, 0.05, 0.1, 0.75, 0.2, 4, 1.0): (1.0, 1.0) in 31.09s
671/675 (5, 1000, 0.1, 2, 6, 10.0, 10, 12, 0.05, 0.1, 0.75, 1.0, 4, 1.0): (1.0, 1.0) in 19.03s
672/675 (5, 1000, 0.1, 2, 6, 10.0, 10, 12, 0.05, 0.1, 0.75, 5.0, 4, 1.0): (1.0, 1.0) in 14.77s
673/675 (5, 1000, 0.1, 2, 6, 10.0, 10, 12, 0.05, 0.1, 0.9, 0.2, 4, 1.0): (1.0, 1.0) in 29.90s
674/675 (5, 1000, 0.1, 2, 6, 10.0, 10, 12, 0.05, 0.1, 0.9, 1.0, 4, 1.0): (1.0, 1.0) in 18.12s
675/675 (5, 1000, 0.1, 2, 6, 10.0, 10, 12, 0.05, 0.1, 0.9, 5.0, 4, 1.0): (1.0, 1.0) in 14.54s

best: (1.0, 1.0)
{'crossover_size_proportion': 0.75,
 'depth_softener': 1.0,
 'generations': 1000,
 'individuals_per_method_and_depth': 5,
 'max_depth': 12,
 'max_gen_depth': 6,
 'max_program_runtime_ms': 10,
 'min_gen_depth': 2,
 'mutation_chance': 0.0,
 'mutation_single_chance': 0.001,
 'p_grow_leaf': 0.1,
 'selection_method': 'FitnessWeighted',
 'selection_pressure': 5.0,
 'tournament_p': 1.0,
 'tournament_size': 4}
