applying method: fitness_weighted
1/675 (5, 1000, 0.1, 2, 6, 1.0, 10, 12, 0.0, 0.0, 0.5, 0.2, 4, 1.0): (0.6444444444444444, 1.4333333333333333) in 46.04s
2/675 (5, 1000, 0.1, 2, 6, 1.0, 10, 12, 0.0, 0.0, 0.5, 1.0, 4, 1.0): (0.6888888888888889, 1.4) in 11.58s
3/675 (5, 1000, 0.1, 2, 6, 1.0, 10, 12, 0.0, 0.0, 0.5, 5.0, 4, 1.0): (0.6555555555555554, 1.3) in 13.35s
4/675 (5, 1000, 0.1, 2, 6, 1.0, 10, 12, 0.0, 0.0, 0.75, 0.2, 4, 1.0): (0.6444444444444444, 2.033333333333333) in 9.62s
5/675 (5, 1000, 0.1, 2, 6, 1.0, 10, 12, 0.0, 0.0, 0.75, 1.0, 4, 1.0): (0.711111111111111, 1.5666666666666667) in 9.72s
6/675 (5, 1000, 0.1, 2, 6, 1.0, 10, 12, 0.0, 0.0, 0.75, 5.0, 4, 1.0): (0.6888888888888889, 1.1666666666666667) in 8.98s
7/675 (5, 1000, 0.1, 2, 6, 1.0, 10, 12, 0.0, 0.0, 0.9, 0.2, 4, 1.0): (0.6666666666666666, 1.6) in 9.64s
8/675 (5, 1000, 0.1, 2, 6, 1.0, 10, 12, 0.0, 0.0, 0.9, 1.0, 4, 1.0): (0.7, 1.7666666666666666) in 11.10s
9/675 (5, 1000, 0.1, 2, 6, 1.0, 10, 12, 0.0, 0.0, 0.9, 5.0, 4, 1.0): (0.6777777777777778, 1.1333333333333333) in 9.23s
10/675 (5, 1000, 0.1, 2, 6, 1.0, 10, 12, 0.0, 0.001, 0.5, 0.2, 4, 1.0): (0.6705882352941176, 1.9666666666666666) in 9.62s
11/675 (5, 1000, 0.1, 2, 6, 1.0, 10, 12, 0.0, 0.001, 0.5, 1.0, 4, 1.0): (0.6555555555555556, 1.4333333333333333) in 10.70s
12/675 (5, 1000, 0.1, 2, 6, 1.0, 10, 12, 0.0, 0.001, 0.5, 5.0, 4, 1.0): (0.7, 1.2333333333333334) in 9.70s
13/675 (5, 1000, 0.1, 2, 6, 1.0, 10, 12, 0.0, 0.001, 0.75, 0.2, 4, 1.0): (0.6611111111111111, 1.9666666666666666) in 9.16s
14/675 (5, 1000, 0.1, 2, 6, 1.0, 10, 12, 0.0, 0.001, 0.75, 1.0, 4, 1.0): (0.6777777777777778, 1.3666666666666667) in 9.29s
15/675 (5, 1000, 0.1, 2, 6, 1.0, 10, 12, 0.0, 0.001, 0.75, 5.0, 4, 1.0): (0.7111111111111111, 1.4) in 8.40s
16/675 (5, 1000, 0.1, 2, 6, 1.0, 10, 12, 0.0, 0.001, 0.9, 0.2, 4, 1.0): (0.6666666666666666, 2.2333333333333334) in 8.71s
17/675 (5, 1000, 0.1, 2, 6, 1.0, 10, 12, 0.0, 0.001, 0.9, 1.0, 4, 1.0): (0.6584541062801932, 1.2666666666666666) in 8.98s
18/675 (5, 1000, 0.1, 2, 6, 1.0, 10, 12, 0.0, 0.001, 0.9, 5.0, 4, 1.0): (0.7333333333333336, 1.5666666666666667) in 8.24s
19/675 (5, 1000, 0.1, 2, 6, 1.0, 10, 12, 0.0, 0.01, 0.5, 0.2, 4, 1.0): (0.6666666666666666, 1.0333333333333334) in 9.16s
20/675 (5, 1000, 0.1, 2, 6, 1.0, 10, 12, 0.0, 0.01, 0.5, 1.0, 4, 1.0): (0.6888888888888889, 1.2) in 9.22s
21/675 (5, 1000, 0.1, 2, 6, 1.0, 10, 12, 0.0, 0.01, 0.5, 5.0, 4, 1.0): (0.6888888888888889, 1.2) in 8.37s
22/675 (5, 1000, 0.1, 2, 6, 1.0, 10, 12, 0.0, 0.01, 0.75, 0.2, 4, 1.0): (0.6666666666666666, 1.0) in 8.82s
23/675 (5, 1000, 0.1, 2, 6, 1.0, 10, 12, 0.0, 0.01, 0.75, 1.0, 4, 1.0): (0.7222222222222224, 1.4333333333333333) in 8.80s
24/675 (5, 1000, 0.1, 2, 6, 1.0, 10, 12, 0.0, 0.01, 0.75, 5.0, 4, 1.0): (0.7111111111111111, 1.2666666666666666) in 14.22s
25/675 (5, 1000, 0.1, 2, 6, 1.0, 10, 12, 0.0, 0.01, 0.9, 0.2, 4, 1.0): (0.6777777777777777, 1.1666666666666667) in 8.60s
26/675 (5, 1000, 0.1, 2, 6, 1.0, 10, 12, 0.0, 0.01, 0.9, 1.0, 4, 1.0): (0.7, 1.2666666666666666) in 8.60s
27/675 (5, 1000, 0.1, 2, 6, 1.0, 10, 12, 0.0, 0.01, 0.9, 5.0, 4, 1.0): (0.7000000000000001, 1.3) in 8.95s
28/675 (5, 1000, 0.1, 2, 6, 1.0, 10, 12, 0.0, 0.05, 0.5, 0.2, 4, 1.0): (0.6666666666666666, 1.0) in 9.31s
29/675 (5, 1000, 0.1, 2, 6, 1.0, 10, 12, 0.0, 0.05, 0.5, 1.0, 4, 1.0): (0.7222222222222224, 1.5) in 9.46s
30/675 (5, 1000, 0.1, 2, 6, 1.0, 10, 12, 0.0, 0.05, 0.5, 5.0, 4, 1.0): (0.7555555555555558, 1.7) in 12.38s
31/675 (5, 1000, 0.1, 2, 6, 1.0, 10, 12, 0.0, 0.05, 0.75, 0.2, 4, 1.0): (0.6666666666666666, 1.0) in 9.27s
32/675 (5, 1000, 0.1, 2, 6, 1.0, 10, 12, 0.0, 0.05, 0.75, 1.0, 4, 1.0): (0.7000000000000001, 1.3) in 9.15s
33/675 (5, 1000, 0.1, 2, 6, 1.0, 10, 12, 0.0, 0.05, 0.75, 5.0, 4, 1.0): (0.7333333333333336, 1.5) in 8.97s
34/675 (5, 1000, 0.1, 2, 6, 1.0, 10, 12, 0.0, 0.05, 0.9, 0.2, 4, 1.0): (0.6777777777777777, 1.1333333333333333) in 9.11s
35/675 (5, 1000, 0.1, 2, 6, 1.0, 10, 12, 0.0, 0.05, 0.9, 1.0, 4, 1.0): (0.6777777777777778, 1.1) in 9.65s
36/675 (5, 1000, 0.1, 2, 6, 1.0, 10, 12, 0.0, 0.05, 0.9, 5.0, 4, 1.0): (0.7111111111111111, 1.4) in 9.25s
37/675 (5, 1000, 0.1, 2, 6, 1.0, 10, 12, 0.0, 0.1, 0.5, 0.2, 4, 1.0): (0.6777777777777777, 1.0666666666666667) in 10.22s
38/675 (5, 1000, 0.1, 2, 6, 1.0, 10, 12, 0.0, 0.1, 0.5, 1.0, 4, 1.0): (0.7222222222222224, 1.5) in 10.11s
39/675 (5, 1000, 0.1, 2, 6, 1.0, 10, 12, 0.0, 0.1, 0.5, 5.0, 4, 1.0): (0.7333333333333333, 1.6333333333333333) in 9.93s
40/675 (5, 1000, 0.1, 2, 6, 1.0, 10, 12, 0.0, 0.1, 0.75, 0.2, 4, 1.0): (0.6666666666666666, 1.0333333333333334) in 9.74s
41/675 (5, 1000, 0.1, 2, 6, 1.0, 10, 12, 0.0, 0.1, 0.75, 1.0, 4, 1.0): (0.6888888888888889, 1.2333333333333334) in 9.47s
42/675 (5, 1000, 0.1, 2, 6, 1.0, 10, 12, 0.0, 0.1, 0.75, 5.0, 4, 1.0): (0.7222222222222224, 1.4666666666666666) in 9.47s
43/675 (5, 1000, 0.1, 2, 6, 1.0, 10, 12, 0.0, 0.1, 0.9, 0.2, 4, 1.0): (0.6777777777777778, 1.1) in 9.50s
44/675 (5, 1000, 0.1, 2, 6, 1.0, 10, 12, 0.0, 0.1, 0.9, 1.0, 4, 1.0): (0.7, 1.2333333333333334) in 9.32s
45/675 (5, 1000, 0.1, 2, 6, 1.0, 10, 12, 0.0, 0.1, 0.9, 5.0, 4, 1.0): (0.6888888888888889, 1.1666666666666667) in 10.64s
46/675 (5, 1000, 0.1, 2, 6, 1.0, 10, 12, 0.001, 0.0, 0.5, 0.2, 4, 1.0): (0.6555555555555554, 2.2333333333333334) in 8.49s
47/675 (5, 1000, 0.1, 2, 6, 1.0, 10, 12, 0.001, 0.0, 0.5, 1.0, 4, 1.0): (0.6666666666666666, 1.2333333333333334) in 9.05s
48/675 (5, 1000, 0.1, 2, 6, 1.0, 10, 12, 0.001, 0.0, 0.5, 5.0, 4, 1.0): (0.7222222222222224, 1.4) in 8.54s
49/675 (5, 1000, 0.1, 2, 6, 1.0, 10, 12, 0.001, 0.0, 0.75, 0.2, 4, 1.0): (0.6611111111111111, 1.4666666666666666) in 8.77s
50/675 (5, 1000, 0.1, 2, 6, 1.0, 10, 12, 0.001, 0.0, 0.75, 1.0, 4, 1.0): (0.7222222222222222, 1.5333333333333334) in 9.55s
51/675 (5, 1000, 0.1, 2, 6, 1.0, 10, 12, 0.001, 0.0, 0.75, 5.0, 4, 1.0): (0.7000000000000001, 1.2666666666666666) in 8.52s
52/675 (5, 1000, 0.1, 2, 6, 1.0, 10, 12, 0.001, 0.0, 0.9, 0.2, 4, 1.0): (0.6611111111111111, 1.9666666666666666) in 8.89s
53/675 (5, 1000, 0.1, 2, 6, 1.0, 10, 12, 0.001, 0.0, 0.9, 1.0, 4, 1.0): (0.7111111111111111, 1.5333333333333334) in 8.45s
54/675 (5, 1000, 0.1, 2, 6, 1.0, 10, 12, 0.001, 0.0, 0.9, 5.0, 4, 1.0): (0.711111111111111, 1.3333333333333333) in 8.38s
55/675 (5, 1000, 0.1, 2, 6, 1.0, 10, 12, 0.001, 0.001, 0.5, 0.2, 4, 1.0): (0.6777777777777778, 1.9) in 8.63s
56/675 (5, 1000, 0.1, 2, 6, 1.0, 10, 12, 0.001, 0.001, 0.5, 1.0, 4, 1.0): (0.6777777777777778, 1.5) in 8.59s
57/675 (5, 1000, 0.1, 2, 6, 1.0, 10, 12, 0.001, 0.001, 0.5, 5.0, 4, 1.0): (0.6888888888888889, 1.4333333333333333) in 10.53s
58/675 (5, 1000, 0.1, 2, 6, 1.0, 10, 12, 0.001, 0.001, 0.75, 0.2, 4, 1.0): (0.6833333333333333, 1.7333333333333334) in 8.78s
59/675 (5, 1000, 0.1, 2, 6, 1.0, 10, 12, 0.001, 0.001, 0.75, 1.0, 4, 1.0): (0.711111111111111, 1.3) in 8.69s
60/675 (5, 1000, 0.1, 2, 6, 1.0, 10, 12, 0.001, 0.001, 0.75, 5.0, 4, 1.0): (0.7444444444444446, 1.5666666666666667) in 8.69s
61/675 (5, 1000, 0.1, 2, 6, 1.0, 10, 12, 0.001, 0.001, 0.9, 0.2, 4, 1.0): (0.6444444444444444, 1.8) in 8.80s
62/675 (5, 1000, 0.1, 2, 6, 1.0, 10, 12, 0.001, 0.001, 0.9, 1.0, 4, 1.0): (0.6777777777777777, 1.1) in 8.60s
63/675 (5, 1000, 0.1, 2, 6, 1.0, 10, 12, 0.001, 0.001, 0.9, 5.0, 4, 1.0): (0.7222222222222222, 1.4) in 8.52s
64/675 (5, 1000, 0.1, 2, 6, 1.0, 10, 12, 0.001, 0.01, 0.5, 0.2, 4, 1.0): (0.6888888888888889, 1.2) in 8.86s
65/675 (5, 1000, 0.1, 2, 6, 1.0, 10, 12, 0.001, 0.01, 0.5, 1.0, 4, 1.0): (0.7111111111111111, 1.3333333333333333) in 8.93s
66/675 (5, 1000, 0.1, 2, 6, 1.0, 10, 12, 0.001, 0.01, 0.5, 5.0, 4, 1.0): (0.7, 1.3333333333333333) in 9.49s
67/675 (5, 1000, 0.1, 2, 6, 1.0, 10, 12, 0.001, 0.01, 0.75, 0.2, 4, 1.0): (0.6777777777777778, 1.0666666666666667) in 8.78s
68/675 (5, 1000, 0.1, 2, 6, 1.0, 10, 12, 0.001, 0.01, 0.75, 1.0, 4, 1.0): (0.711111111111111, 1.3333333333333333) in 9.20s
69/675 (5, 1000, 0.1, 2, 6, 1.0, 10, 12, 0.001, 0.01, 0.75, 5.0, 4, 1.0): (0.6888888888888889, 1.1666666666666667) in 8.67s
70/675 (5, 1000, 0.1, 2, 6, 1.0, 10, 12, 0.001, 0.01, 0.9, 0.2, 4, 1.0): (0.6666666666666666, 1.0) in 8.89s
71/675 (5, 1000, 0.1, 2, 6, 1.0, 10, 12, 0.001, 0.01, 0.9, 1.0, 4, 1.0): (0.7000000000000001, 1.2666666666666666) in 9.10s
72/675 (5, 1000, 0.1, 2, 6, 1.0, 10, 12, 0.001, 0.01, 0.9, 5.0, 4, 1.0): (0.7000000000000001, 1.2666666666666666) in 8.74s
73/675 (5, 1000, 0.1, 2, 6, 1.0, 10, 12, 0.001, 0.05, 0.5, 0.2, 4, 1.0): (0.6888888888888889, 1.2333333333333334) in 9.58s
74/675 (5, 1000, 0.1, 2, 6, 1.0, 10, 12, 0.001, 0.05, 0.5, 1.0, 4, 1.0): (0.7111111111111111, 1.4666666666666666) in 9.39s
75/675 (5, 1000, 0.1, 2, 6, 1.0, 10, 12, 0.001, 0.05, 0.5, 5.0, 4, 1.0): (0.7555555555555556, 1.6666666666666667) in 17.33s
76/675 (5, 1000, 0.1, 2, 6, 1.0, 10, 12, 0.001, 0.05, 0.75, 0.2, 4, 1.0): (0.6666666666666666, 1.0) in 9.57s
77/675 (5, 1000, 0.1, 2, 6, 1.0, 10, 12, 0.001, 0.05, 0.75, 1.0, 4, 1.0): (0.6888888888888889, 1.2) in 9.36s
78/675 (5, 1000, 0.1, 2, 6, 1.0, 10, 12, 0.001, 0.05, 0.75, 5.0, 4, 1.0): (0.7222222222222224, 1.4333333333333333) in 8.43s
79/675 (5, 1000, 0.1, 2, 6, 1.0, 10, 12, 0.001, 0.05, 0.9, 0.2, 4, 1.0): (0.6666666666666666, 1.0) in 9.42s
80/675 (5, 1000, 0.1, 2, 6, 1.0, 10, 12, 0.001, 0.05, 0.9, 1.0, 4, 1.0): (0.7, 1.2666666666666666) in 8.79s
81/675 (5, 1000, 0.1, 2, 6, 1.0, 10, 12, 0.001, 0.05, 0.9, 5.0, 4, 1.0): (0.711111111111111, 1.3) in 8.68s
82/675 (5, 1000, 0.1, 2, 6, 1.0, 10, 12, 0.001, 0.1, 0.5, 0.2, 4, 1.0): (0.6777777777777778, 1.1333333333333333) in 9.64s
83/675 (5, 1000, 0.1, 2, 6, 1.0, 10, 12, 0.001, 0.1, 0.5, 1.0, 4, 1.0): (0.7222222222222222, 1.4) in 9.89s
84/675 (5, 1000, 0.1, 2, 6, 1.0, 10, 12, 0.001, 0.1, 0.5, 5.0, 4, 1.0): (0.7444444444444444, 1.7666666666666666) in 10.10s
85/675 (5, 1000, 0.1, 2, 6, 1.0, 10, 12, 0.001, 0.1, 0.75, 0.2, 4, 1.0): (0.6666666666666666, 1.0) in 9.27s
86/675 (5, 1000, 0.1, 2, 6, 1.0, 10, 12, 0.001, 0.1, 0.75, 1.0, 4, 1.0): (0.7222222222222224, 1.4666666666666666) in 10.04s
87/675 (5, 1000, 0.1, 2, 6, 1.0, 10, 12, 0.001, 0.1, 0.75, 5.0, 4, 1.0): (0.6999999999999998, 1.3333333333333333) in 9.14s
88/675 (5, 1000, 0.1, 2, 6, 1.0, 10, 12, 0.001, 0.1, 0.9, 0.2, 4, 1.0): (0.6666666666666666, 1.0) in 9.51s
89/675 (5, 1000, 0.1, 2, 6, 1.0, 10, 12, 0.001, 0.1, 0.9, 1.0, 4, 1.0): (0.6777777777777777, 1.1333333333333333) in 9.60s
90/675 (5, 1000, 0.1, 2, 6, 1.0, 10, 12, 0.001, 0.1, 0.9, 5.0, 4, 1.0): (0.7222222222222222, 1.4) in 9.34s
91/675 (5, 1000, 0.1, 2, 6, 1.0, 10, 12, 0.01, 0.0, 0.5, 0.2, 4, 1.0): (0.6777777777777777, 1.0666666666666667) in 11.05s
92/675 (5, 1000, 0.1, 2, 6, 1.0, 10, 12, 0.01, 0.0, 0.5, 1.0, 4, 1.0): (0.6888888888888889, 1.1666666666666667) in 10.01s
93/675 (5, 1000, 0.1, 2, 6, 1.0, 10, 12, 0.01, 0.0, 0.5, 5.0, 4, 1.0): (0.7, 1.2) in 10.20s
94/675 (5, 1000, 0.1, 2, 6, 1.0, 10, 12, 0.01, 0.0, 0.75, 0.2, 4, 1.0): (0.6888888888888889, 1.2333333333333334) in 10.71s
95/675 (5, 1000, 0.1, 2, 6, 1.0, 10, 12, 0.01, 0.0, 0.75, 1.0, 4, 1.0): (0.6666666666666666, 1.0) in 10.08s
96/675 (5, 1000, 0.1, 2, 6, 1.0, 10, 12, 0.01, 0.0, 0.75, 5.0, 4, 1.0): (0.7111111111111111, 1.2666666666666666) in 9.64s
97/675 (5, 1000, 0.1, 2, 6, 1.0, 10, 12, 0.01, 0.0, 0.9, 0.2, 4, 1.0): (0.6888888888888889, 1.1333333333333333) in 10.61s
98/675 (5, 1000, 0.1, 2, 6, 1.0, 10, 12, 0.01, 0.0, 0.9, 1.0, 4, 1.0): (0.711111111111111, 1.2666666666666666) in 9.96s
99/675 (5, 1000, 0.1, 2, 6, 1.0, 10, 12, 0.01, 0.0, 0.9, 5.0, 4, 1.0): (0.7111111111111111, 1.3333333333333333) in 9.28s
100/675 (5, 1000, 0.1, 2, 6, 1.0, 10, 12, 0.01, 0.001, 0.5, 0.2, 4, 1.0): (0.6777777777777778, 1.1) in 10.88s
101/675 (5, 1000, 0.1, 2, 6, 1.0, 10, 12, 0.01, 0.001, 0.5, 1.0, 4, 1.0): (0.6777777777777778, 1.0666666666666667) in 9.87s
102/675 (5, 1000, 0.1, 2, 6, 1.0, 10, 12, 0.01, 0.001, 0.5, 5.0, 4, 1.0): (0.7000000000000001, 1.2) in 9.68s
103/675 (5, 1000, 0.1, 2, 6, 1.0, 10, 12, 0.01, 0.001, 0.75, 0.2, 4, 1.0): (0.6666666666666666, 1.0) in 10.95s
104/675 (5, 1000, 0.1, 2, 6, 1.0, 10, 12, 0.01, 0.001, 0.75, 1.0, 4, 1.0): (0.7000000000000001, 1.2333333333333334) in 9.98s
105/675 (5, 1000, 0.1, 2, 6, 1.0, 10, 12, 0.01, 0.001, 0.75, 5.0, 4, 1.0): (0.7, 1.2) in 9.80s
106/675 (5, 1000, 0.1, 2, 6, 1.0, 10, 12, 0.01, 0.001, 0.9, 0.2, 4, 1.0): (0.7, 1.2333333333333334) in 10.64s
107/675 (5, 1000, 0.1, 2, 6, 1.0, 10, 12, 0.01, 0.001, 0.9, 1.0, 4, 1.0): (0.6888888888888889, 1.1666666666666667) in 9.88s
108/675 (5, 1000, 0.1, 2, 6, 1.0, 10, 12, 0.01, 0.001, 0.9, 5.0, 4, 1.0): (0.7333333333333333, 1.5333333333333334) in 9.91s
109/675 (5, 1000, 0.1, 2, 6, 1.0, 10, 12, 0.01, 0.01, 0.5, 0.2, 4, 1.0): (0.6777777777777778, 1.0666666666666667) in 11.45s
110/675 (5, 1000, 0.1, 2, 6, 1.0, 10, 12, 0.01, 0.01, 0.5, 1.0, 4, 1.0): (0.7111111111111111, 1.3666666666666667) in 10.45s
111/675 (5, 1000, 0.1, 2, 6, 1.0, 10, 12, 0.01, 0.01, 0.5, 5.0, 4, 1.0): (0.7333333333333333, 1.5) in 12.60s
112/675 (5, 1000, 0.1, 2, 6, 1.0, 10, 12, 0.01, 0.01, 0.75, 0.2, 4, 1.0): (0.6666666666666666, 1.0) in 11.12s
113/675 (5, 1000, 0.1, 2, 6, 1.0, 10, 12, 0.01, 0.01, 0.75, 1.0, 4, 1.0): (0.7000000000000001, 1.3) in 10.05s
114/675 (5, 1000, 0.1, 2, 6, 1.0, 10, 12, 0.01, 0.01, 0.75, 5.0, 4, 1.0): (0.7111111111111111, 1.2666666666666666) in 10.12s
115/675 (5, 1000, 0.1, 2, 6, 1.0, 10, 12, 0.01, 0.01, 0.9, 0.2, 4, 1.0): (0.7, 1.3333333333333333) in 11.07s
116/675 (5, 1000, 0.1, 2, 6, 1.0, 10, 12, 0.01, 0.01, 0.9, 1.0, 4, 1.0): (0.711111111111111, 1.3666666666666667) in 9.87s
117/675 (5, 1000, 0.1, 2, 6, 1.0, 10, 12, 0.01, 0.01, 0.9, 5.0, 4, 1.0): (0.7222222222222224, 1.4) in 9.83s
118/675 (5, 1000, 0.1, 2, 6, 1.0, 10, 12, 0.01, 0.05, 0.5, 0.2, 4, 1.0): (0.7, 1.3333333333333333) in 13.90s
119/675 (5, 1000, 0.1, 2, 6, 1.0, 10, 12, 0.01, 0.05, 0.5, 1.0, 4, 1.0): (0.7444444444444444, 1.5333333333333334) in 10.57s
120/675 (5, 1000, 0.1, 2, 6, 1.0, 10, 12, 0.01, 0.05, 0.5, 5.0, 4, 1.0): (0.7222222222222225, 1.4333333333333333) in 10.53s
121/675 (5, 1000, 0.1, 2, 6, 1.0, 10, 12, 0.01, 0.05, 0.75, 0.2, 4, 1.0): (0.6777777777777778, 1.1333333333333333) in 13.09s
122/675 (5, 1000, 0.1, 2, 6, 1.0, 10, 12, 0.01, 0.05, 0.75, 1.0, 4, 1.0): (0.7, 1.2666666666666666) in 10.52s
123/675 (5, 1000, 0.1, 2, 6, 1.0, 10, 12, 0.01, 0.05, 0.75, 5.0, 4, 1.0): (0.7333333333333335, 1.6) in 9.95s
124/675 (5, 1000, 0.1, 2, 6, 1.0, 10, 12, 0.01, 0.05, 0.9, 0.2, 4, 1.0): (0.6777777777777777, 1.1333333333333333) in 13.56s
125/675 (5, 1000, 0.1, 2, 6, 1.0, 10, 12, 0.01, 0.05, 0.9, 1.0, 4, 1.0): (0.6777777777777778, 1.1) in 10.42s
126/675 (5, 1000, 0.1, 2, 6, 1.0, 10, 12, 0.01, 0.05, 0.9, 5.0, 4, 1.0): (0.7333333333333335, 1.5666666666666667) in 9.71s
127/675 (5, 1000, 0.1, 2, 6, 1.0, 10, 12, 0.01, 0.1, 0.5, 0.2, 4, 1.0): (0.6777777777777778, 1.0666666666666667) in 17.59s
128/675 (5, 1000, 0.1, 2, 6, 1.0, 10, 12, 0.01, 0.1, 0.5, 1.0, 4, 1.0): (0.7333333333333336, 1.4666666666666666) in 11.69s
129/675 (5, 1000, 0.1, 2, 6, 1.0, 10, 12, 0.01, 0.1, 0.5, 5.0, 4, 1.0): (0.7333333333333335, 1.5) in 10.39s
130/675 (5, 1000, 0.1, 2, 6, 1.0, 10, 12, 0.01, 0.1, 0.75, 0.2, 4, 1.0): (0.6888888888888889, 1.1333333333333333) in 15.89s
131/675 (5, 1000, 0.1, 2, 6, 1.0, 10, 12, 0.01, 0.1, 0.75, 1.0, 4, 1.0): (0.7222222222222222, 1.4) in 11.35s
132/675 (5, 1000, 0.1, 2, 6, 1.0, 10, 12, 0.01, 0.1, 0.75, 5.0, 4, 1.0): (0.7, 1.2) in 10.15s
133/675 (5, 1000, 0.1, 2, 6, 1.0, 10, 12, 0.01, 0.1, 0.9, 0.2, 4, 1.0): (0.6666666666666666, 1.0) in 15.43s
134/675 (5, 1000, 0.1, 2, 6, 1.0, 10, 12, 0.01, 0.1, 0.9, 1.0, 4, 1.0): (0.6777777777777778, 1.1333333333333333) in 11.27s
135/675 (5, 1000, 0.1, 2, 6, 1.0, 10, 12, 0.01, 0.1, 0.9, 5.0, 4, 1.0): (0.7666666666666668, 1.8) in 10.41s
136/675 (5, 1000, 0.1, 2, 6, 1.0, 10, 12, 0.02, 0.0, 0.5, 0.2, 4, 1.0): (0.7444444444444446, 1.5333333333333334) in 13.70s
137/675 (5, 1000, 0.1, 2, 6, 1.0, 10, 12, 0.02, 0.0, 0.5, 1.0, 4, 1.0): (0.7222222222222222, 1.4333333333333333) in 10.85s
138/675 (5, 1000, 0.1, 2, 6, 1.0, 10, 12, 0.02, 0.0, 0.5, 5.0, 4, 1.0): (0.7111111111111111, 1.3333333333333333) in 12.17s
139/675 (5, 1000, 0.1, 2, 6, 1.0, 10, 12, 0.02, 0.0, 0.75, 0.2, 4, 1.0): (0.7111111111111111, 1.3) in 13.52s
140/675 (5, 1000, 0.1, 2, 6, 1.0, 10, 12, 0.02, 0.0, 0.75, 1.0, 4, 1.0): (0.7222222222222222, 1.4666666666666666) in 11.06s
141/675 (5, 1000, 0.1, 2, 6, 1.0, 10, 12, 0.02, 0.0, 0.75, 5.0, 4, 1.0): (0.6777777777777778, 1.0666666666666667) in 10.49s
142/675 (5, 1000, 0.1, 2, 6, 1.0, 10, 12, 0.02, 0.0, 0.9, 0.2, 4, 1.0): (0.7, 1.3333333333333333) in 13.06s
143/675 (5, 1000, 0.1, 2, 6, 1.0, 10, 12, 0.02, 0.0, 0.9, 1.0, 4, 1.0): (0.7222222222222224, 1.4333333333333333) in 11.22s
144/675 (5, 1000, 0.1, 2, 6, 1.0, 10, 12, 0.02, 0.0, 0.9, 5.0, 4, 1.0): (0.7, 1.2666666666666666) in 10.45s
145/675 (5, 1000, 0.1, 2, 6, 1.0, 10, 12, 0.02, 0.001, 0.5, 0.2, 4, 1.0): (0.7222222222222224, 1.4) in 13.80s
146/675 (5, 1000, 0.1, 2, 6, 1.0, 10, 12, 0.02, 0.001, 0.5, 1.0, 4, 1.0): (0.6888888888888889, 1.2333333333333334) in 11.01s
147/675 (5, 1000, 0.1, 2, 6, 1.0, 10, 12, 0.02, 0.001, 0.5, 5.0, 4, 1.0): (0.7444444444444446, 1.4666666666666666) in 12.24s
148/675 (5, 1000, 0.1, 2, 6, 1.0, 10, 12, 0.02, 0.001, 0.75, 0.2, 4, 1.0): (0.7111111111111111, 1.3666666666666667) in 13.39s
149/675 (5, 1000, 0.1, 2, 6, 1.0, 10, 12, 0.02, 0.001, 0.75, 1.0, 4, 1.0): (0.6777777777777778, 1.0666666666666667) in 11.42s
150/675 (5, 1000, 0.1, 2, 6, 1.0, 10, 12, 0.02, 0.001, 0.75, 5.0, 4, 1.0): (0.7111111111111111, 1.3333333333333333) in 10.77s
151/675 (5, 1000, 0.1, 2, 6, 1.0, 10, 12, 0.02, 0.001, 0.9, 0.2, 4, 1.0): (0.6777777777777777, 1.0666666666666667) in 12.72s
152/675 (5, 1000, 0.1, 2, 6, 1.0, 10, 12, 0.02, 0.001, 0.9, 1.0, 4, 1.0): (0.7, 1.2666666666666666) in 11.32s
153/675 (5, 1000, 0.1, 2, 6, 1.0, 10, 12, 0.02, 0.001, 0.9, 5.0, 4, 1.0): (0.7111111111111111, 1.3333333333333333) in 10.28s
154/675 (5, 1000, 0.1, 2, 6, 1.0, 10, 12, 0.02, 0.01, 0.5, 0.2, 4, 1.0): (0.7444444444444447, 1.6) in 14.71s
155/675 (5, 1000, 0.1, 2, 6, 1.0, 10, 12, 0.02, 0.01, 0.5, 1.0, 4, 1.0): (0.7111111111111111, 1.3) in 11.53s
156/675 (5, 1000, 0.1, 2, 6, 1.0, 10, 12, 0.02, 0.01, 0.5, 5.0, 4, 1.0): (0.7111111111111111, 1.3) in 13.12s
157/675 (5, 1000, 0.1, 2, 6, 1.0, 10, 12, 0.02, 0.01, 0.75, 0.2, 4, 1.0): (0.7333333333333333, 1.5666666666666667) in 14.31s
158/675 (5, 1000, 0.1, 2, 6, 1.0, 10, 12, 0.02, 0.01, 0.75, 1.0, 4, 1.0): (0.7222222222222222, 1.4) in 11.29s
159/675 (5, 1000, 0.1, 2, 6, 1.0, 10, 12, 0.02, 0.01, 0.75, 5.0, 4, 1.0): (0.7222222222222224, 1.4333333333333333) in 11.23s
160/675 (5, 1000, 0.1, 2, 6, 1.0, 10, 12, 0.02, 0.01, 0.9, 0.2, 4, 1.0): (0.7000000000000001, 1.2) in 13.68s
161/675 (5, 1000, 0.1, 2, 6, 1.0, 10, 12, 0.02, 0.01, 0.9, 1.0, 4, 1.0): (0.7222222222222224, 1.4666666666666666) in 11.57s
162/675 (5, 1000, 0.1, 2, 6, 1.0, 10, 12, 0.02, 0.01, 0.9, 5.0, 4, 1.0): (0.7111111111111111, 1.4) in 10.61s
163/675 (5, 1000, 0.1, 2, 6, 1.0, 10, 12, 0.02, 0.05, 0.5, 0.2, 4, 1.0): (0.7444444444444446, 1.6) in 19.26s
164/675 (5, 1000, 0.1, 2, 6, 1.0, 10, 12, 0.02, 0.05, 0.5, 1.0, 4, 1.0): (0.7111111111111114, 1.3666666666666667) in 12.52s
165/675 (5, 1000, 0.1, 2, 6, 1.0, 10, 12, 0.02, 0.05, 0.5, 5.0, 4, 1.0): (0.7222222222222222, 1.4666666666666666) in 21.89s
166/675 (5, 1000, 0.1, 2, 6, 1.0, 10, 12, 0.02, 0.05, 0.75, 0.2, 4, 1.0): (0.7111111111111111, 1.2666666666666666) in 18.04s
167/675 (5, 1000, 0.1, 2, 6, 1.0, 10, 12, 0.02, 0.05, 0.75, 1.0, 4, 1.0): (0.6777777777777777, 1.0666666666666667) in 11.83s
168/675 (5, 1000, 0.1, 2, 6, 1.0, 10, 12, 0.02, 0.05, 0.75, 5.0, 4, 1.0): (0.6888888888888889, 1.1333333333333333) in 10.48s
169/675 (5, 1000, 0.1, 2, 6, 1.0, 10, 12, 0.02, 0.05, 0.9, 0.2, 4, 1.0): (0.6888888888888889, 1.1333333333333333) in 17.27s
170/675 (5, 1000, 0.1, 2, 6, 1.0, 10, 12, 0.02, 0.05, 0.9, 1.0, 4, 1.0): (0.7, 1.2) in 12.18s
171/675 (5, 1000, 0.1, 2, 6, 1.0, 10, 12, 0.02, 0.05, 0.9, 5.0, 4, 1.0): (0.7222222222222222, 1.4333333333333333) in 11.10s
172/675 (5, 1000, 0.1, 2, 6, 1.0, 10, 12, 0.02, 0.1, 0.5, 0.2, 4, 1.0): (0.7, 1.2) in 22.53s
173/675 (5, 1000, 0.1, 2, 6, 1.0, 10, 12, 0.02, 0.1, 0.5, 1.0, 4, 1.0): (0.7333333333333333, 1.5333333333333334) in 13.74s
174/675 (5, 1000, 0.1, 2, 6, 1.0, 10, 12, 0.02, 0.1, 0.5, 5.0, 4, 1.0): (0.7222222222222222, 1.5) in 10.98s
175/675 (5, 1000, 0.1, 2, 6, 1.0, 10, 12, 0.02, 0.1, 0.75, 0.2, 4, 1.0): (0.6888888888888889, 1.1333333333333333) in 20.47s
176/675 (5, 1000, 0.1, 2, 6, 1.0, 10, 12, 0.02, 0.1, 0.75, 1.0, 4, 1.0): (0.7111111111111111, 1.3) in 12.97s
177/675 (5, 1000, 0.1, 2, 6, 1.0, 10, 12, 0.02, 0.1, 0.75, 5.0, 4, 1.0): (0.7111111111111111, 1.4666666666666666) in 10.71s
178/675 (5, 1000, 0.1, 2, 6, 1.0, 10, 12, 0.02, 0.1, 0.9, 0.2, 4, 1.0): (0.6777777777777777, 1.0666666666666667) in 21.41s
179/675 (5, 1000, 0.1, 2, 6, 1.0, 10, 12, 0.02, 0.1, 0.9, 1.0, 4, 1.0): (0.6888888888888889, 1.2333333333333334) in 12.74s
180/675 (5, 1000, 0.1, 2, 6, 1.0, 10, 12, 0.02, 0.1, 0.9, 5.0, 4, 1.0): (0.7444444444444444, 1.6333333333333333) in 11.33s
181/675 (5, 1000, 0.1, 2, 6, 1.0, 10, 12, 0.05, 0.0, 0.5, 0.2, 4, 1.0): (0.8000000000000002, 1.9) in 26.03s
182/675 (5, 1000, 0.1, 2, 6, 1.0, 10, 12, 0.05, 0.0, 0.5, 1.0, 4, 1.0): (0.7666666666666669, 1.6666666666666667) in 15.55s
183/675 (5, 1000, 0.1, 2, 6, 1.0, 10, 12, 0.05, 0.0, 0.5, 5.0, 4, 1.0): (0.6888888888888888, 1.1333333333333333) in 16.02s
184/675 (5, 1000, 0.1, 2, 6, 1.0, 10, 12, 0.05, 0.0, 0.75, 0.2, 4, 1.0): (0.7555555555555559, 1.7) in 23.67s
185/675 (5, 1000, 0.1, 2, 6, 1.0, 10, 12, 0.05, 0.0, 0.75, 1.0, 4, 1.0): (0.7777777777777779, 1.8333333333333333) in 15.39s
186/675 (5, 1000, 0.1, 2, 6, 1.0, 10, 12, 0.05, 0.0, 0.75, 5.0, 4, 1.0): (0.7222222222222224, 1.4) in 13.75s
187/675 (5, 1000, 0.1, 2, 6, 1.0, 10, 12, 0.05, 0.0, 0.9, 0.2, 4, 1.0): (0.7111111111111111, 1.3333333333333333) in 23.42s
188/675 (5, 1000, 0.1, 2, 6, 1.0, 10, 12, 0.05, 0.0, 0.9, 1.0, 4, 1.0): (0.7333333333333335, 1.5333333333333334) in 15.11s
189/675 (5, 1000, 0.1, 2, 6, 1.0, 10, 12, 0.05, 0.0, 0.9, 5.0, 4, 1.0): (0.7111111111111111, 1.3666666666666667) in 13.03s
190/675 (5, 1000, 0.1, 2, 6, 1.0, 10, 12, 0.05, 0.001, 0.5, 0.2, 4, 1.0): (0.7555555555555558, 1.7333333333333334) in 24.55s
191/675 (5, 1000, 0.1, 2, 6, 1.0, 10, 12, 0.05, 0.001, 0.5, 1.0, 4, 1.0): (0.7222222222222222, 1.4) in 15.86s
192/675 (5, 1000, 0.1, 2, 6, 1.0, 10, 12, 0.05, 0.001, 0.5, 5.0, 4, 1.0): (0.6888888888888889, 1.1666666666666667) in 15.45s
193/675 (5, 1000, 0.1, 2, 6, 1.0, 10, 12, 0.05, 0.001, 0.75, 0.2, 4, 1.0): (0.7777777777777779, 1.8) in 23.95s
194/675 (5, 1000, 0.1, 2, 6, 1.0, 10, 12, 0.05, 0.001, 0.75, 1.0, 4, 1.0): (0.7555555555555556, 1.6333333333333333) in 15.31s
195/675 (5, 1000, 0.1, 2, 6, 1.0, 10, 12, 0.05, 0.001, 0.75, 5.0, 4, 1.0): (0.7000000000000001, 1.2333333333333334) in 13.45s
196/675 (5, 1000, 0.1, 2, 6, 1.0, 10, 12, 0.05, 0.001, 0.9, 0.2, 4, 1.0): (0.7666666666666667, 1.7) in 23.39s
197/675 (5, 1000, 0.1, 2, 6, 1.0, 10, 12, 0.05, 0.001, 0.9, 1.0, 4, 1.0): (0.7555555555555556, 1.6666666666666667) in 15.05s
198/675 (5, 1000, 0.1, 2, 6, 1.0, 10, 12, 0.05, 0.001, 0.9, 5.0, 4, 1.0): (0.7000000000000001, 1.2333333333333334) in 13.23s
199/675 (5, 1000, 0.1, 2, 6, 1.0, 10, 12, 0.05, 0.01, 0.5, 0.2, 4, 1.0): (0.7222222222222224, 1.3666666666666667) in 27.25s
200/675 (5, 1000, 0.1, 2, 6, 1.0, 10, 12, 0.05, 0.01, 0.5, 1.0, 4, 1.0): (0.711111111111111, 1.3333333333333333) in 15.93s
201/675 (5, 1000, 0.1, 2, 6, 1.0, 10, 12, 0.05, 0.01, 0.5, 5.0, 4, 1.0): (0.7555555555555556, 1.6333333333333333) in 17.21s
202/675 (5, 1000, 0.1, 2, 6, 1.0, 10, 12, 0.05, 0.01, 0.75, 0.2, 4, 1.0): (0.777777777777778, 1.7) in 25.23s
203/675 (5, 1000, 0.1, 2, 6, 1.0, 10, 12, 0.05, 0.01, 0.75, 1.0, 4, 1.0): (0.7777777777777779, 1.7666666666666666) in 15.30s
204/675 (5, 1000, 0.1, 2, 6, 1.0, 10, 12, 0.05, 0.01, 0.75, 5.0, 4, 1.0): (0.7222222222222221, 1.4) in 13.48s
205/675 (5, 1000, 0.1, 2, 6, 1.0, 10, 12, 0.05, 0.01, 0.9, 0.2, 4, 1.0): (0.7444444444444448, 1.6) in 25.01s
206/675 (5, 1000, 0.1, 2, 6, 1.0, 10, 12, 0.05, 0.01, 0.9, 1.0, 4, 1.0): (0.7111111111111111, 1.3333333333333333) in 15.67s
207/675 (5, 1000, 0.1, 2, 6, 1.0, 10, 12, 0.05, 0.01, 0.9, 5.0, 4, 1.0): (0.7222222222222222, 1.4) in 13.40s
208/675 (5, 1000, 0.1, 2, 6, 1.0, 10, 12, 0.05, 0.05, 0.5, 0.2, 4, 1.0): (0.7888888888888891, 1.8) in 32.85s
209/675 (5, 1000, 0.1, 2, 6, 1.0, 10, 12, 0.05, 0.05, 0.5, 1.0, 4, 1.0): (0.7555555555555558, 1.6) in 17.01s
210/675 (5, 1000, 0.1, 2, 6, 1.0, 10, 12, 0.05, 0.05, 0.5, 5.0, 4, 1.0): (0.7222222222222222, 1.3666666666666667) in 14.73s
211/675 (5, 1000, 0.1, 2, 6, 1.0, 10, 12, 0.05, 0.05, 0.75, 0.2, 4, 1.0): (0.7555555555555558, 1.5666666666666667) in 29.55s
212/675 (5, 1000, 0.1, 2, 6, 1.0, 10, 12, 0.05, 0.05, 0.75, 1.0, 4, 1.0): (0.7333333333333333, 1.5) in 16.89s
213/675 (5, 1000, 0.1, 2, 6, 1.0, 10, 12, 0.05, 0.05, 0.75, 5.0, 4, 1.0): (0.7666666666666669, 1.7666666666666666) in 14.27s
214/675 (5, 1000, 0.1, 2, 6, 1.0, 10, 12, 0.05, 0.05, 0.9, 0.2, 4, 1.0): (0.7333333333333335, 1.5333333333333334) in 28.22s
215/675 (5, 1000, 0.1, 2, 6, 1.0, 10, 12, 0.05, 0.05, 0.9, 1.0, 4, 1.0): (0.711111111111111, 1.3) in 17.27s
216/675 (5, 1000, 0.1, 2, 6, 1.0, 10, 12, 0.05, 0.05, 0.9, 5.0, 4, 1.0): (0.7333333333333335, 1.5) in 14.11s
217/675 (5, 1000, 0.1, 2, 6, 1.0, 10, 12, 0.05, 0.1, 0.5, 0.2, 4, 1.0): (0.7000000000000001, 1.2) in 37.43s
218/675 (5, 1000, 0.1, 2, 6, 1.0, 10, 12, 0.05, 0.1, 0.5, 1.0, 4, 1.0): (0.7266666666666668, 1.4666666666666666) in 19.41s
219/675 (5, 1000, 0.1, 2, 6, 1.0, 10, 12, 0.05, 0.1, 0.5, 5.0, 4, 1.0): (0.7888888888888891, 1.9666666666666666) in 15.02s
220/675 (5, 1000, 0.1, 2, 6, 1.0, 10, 12, 0.05, 0.1, 0.75, 0.2, 4, 1.0): (0.7, 1.2666666666666666) in 34.03s
221/675 (5, 1000, 0.1, 2, 6, 1.0, 10, 12, 0.05, 0.1, 0.75, 1.0, 4, 1.0): (0.788888888888889, 1.8333333333333333) in 18.93s
222/675 (5, 1000, 0.1, 2, 6, 1.0, 10, 12, 0.05, 0.1, 0.75, 5.0, 4, 1.0): (0.7333333333333336, 1.6) in 14.10s
223/675 (5, 1000, 0.1, 2, 6, 1.0, 10, 12, 0.05, 0.1, 0.9, 0.2, 4, 1.0): (0.7111111111111111, 1.3) in 31.85s
224/675 (5, 1000, 0.1, 2, 6, 1.0, 10, 12, 0.05, 0.1, 0.9, 1.0, 4, 1.0): (0.7222222222222222, 1.4333333333333333) in 19.13s
225/675 (5, 1000, 0.1, 2, 6, 1.0, 10, 12, 0.05, 0.1, 0.9, 5.0, 4, 1.0): (0.7444444444444446, 1.6) in 13.75s
226/675 (5, 1000, 0.1, 2, 6, 6.0, 10, 12, 0.0, 0.0, 0.5, 0.2, 4, 1.0): (0.6555555555555556, 1.8) in 8.78s
227/675 (5, 1000, 0.1, 2, 6, 6.0, 10, 12, 0.0, 0.0, 0.5, 1.0, 4, 1.0): (0.7333333333333335, 1.7666666666666666) in 9.77s
228/675 (5, 1000, 0.1, 2, 6, 6.0, 10, 12, 0.0, 0.0, 0.5, 5.0, 4, 1.0): (0.6666666666666666, 1.5333333333333334) in 9.02s
229/675 (5, 1000, 0.1, 2, 6, 6.0, 10, 12, 0.0, 0.0, 0.75, 0.2, 4, 1.0): (0.6488888888888888, 1.5666666666666667) in 8.67s
230/675 (5, 1000, 0.1, 2, 6, 6.0, 10, 12, 0.0, 0.0, 0.75, 1.0, 4, 1.0): (0.7222222222222222, 1.6333333333333333) in 9.06s
231/675 (5, 1000, 0.1, 2, 6, 6.0, 10, 12, 0.0, 0.0, 0.75, 5.0, 4, 1.0): (0.7000000000000001, 1.5666666666666667) in 14.16s
232/675 (5, 1000, 0.1, 2, 6, 6.0, 10, 12, 0.0, 0.0, 0.9, 0.2, 4, 1.0): (0.6777777777777778, 1.6666666666666667) in 8.49s
233/675 (5, 1000, 0.1, 2, 6, 6.0, 10, 12, 0.0, 0.0, 0.9, 1.0, 4, 1.0): (0.7111111111111114, 1.3666666666666667) in 8.70s
234/675 (5, 1000, 0.1, 2, 6, 6.0, 10, 12, 0.0, 0.0, 0.9, 5.0, 4, 1.0): (0.7044444444444447, 1.3666666666666667) in 8.84s
235/675 (5, 1000, 0.1, 2, 6, 6.0, 10, 12, 0.0, 0.001, 0.5, 0.2, 4, 1.0): (0.6944444444444444, 1.8) in 8.77s
236/675 (5, 1000, 0.1, 2, 6, 6.0, 10, 12, 0.0, 0.001, 0.5, 1.0, 4, 1.0): (0.6777777777777779, 1.9) in 10.04s
237/675 (5, 1000, 0.1, 2, 6, 6.0, 10, 12, 0.0, 0.001, 0.5, 5.0, 4, 1.0): (0.7111111111111111, 1.5) in 15.68s
238/675 (5, 1000, 0.1, 2, 6, 6.0, 10, 12, 0.0, 0.001, 0.75, 0.2, 4, 1.0): (0.6888888888888889, 2.066666666666667) in 8.95s
239/675 (5, 1000, 0.1, 2, 6, 6.0, 10, 12, 0.0, 0.001, 0.75, 1.0, 4, 1.0): (0.7, 1.6) in 8.81s
240/675 (5, 1000, 0.1, 2, 6, 6.0, 10, 12, 0.0, 0.001, 0.75, 5.0, 4, 1.0): (0.7333333333333335, 1.4333333333333333) in 11.75s
241/675 (5, 1000, 0.1, 2, 6, 6.0, 10, 12, 0.0, 0.001, 0.9, 0.2, 4, 1.0): (0.7111111111111111, 2.0) in 8.86s
242/675 (5, 1000, 0.1, 2, 6, 6.0, 10, 12, 0.0, 0.001, 0.9, 1.0, 4, 1.0): (0.7555555555555558, 1.8) in 8.90s
243/675 (5, 1000, 0.1, 2, 6, 6.0, 10, 12, 0.0, 0.001, 0.9, 5.0, 4, 1.0): (0.7666666666666668, 1.9333333333333333) in 8.85s
244/675 (5, 1000, 0.1, 2, 6, 6.0, 10, 12, 0.0, 0.01, 0.5, 0.2, 4, 1.0): (0.6777777777777778, 1.2) in 8.89s
245/675 (5, 1000, 0.1, 2, 6, 6.0, 10, 12, 0.0, 0.01, 0.5, 1.0, 4, 1.0): (0.7444444444444446, 1.7333333333333334) in 9.97s
246/675 (5, 1000, 0.1, 2, 6, 6.0, 10, 12, 0.0, 0.01, 0.5, 5.0, 4, 1.0): (0.7222222222222225, 1.3333333333333333) in 14.21s
247/675 (5, 1000, 0.1, 2, 6, 6.0, 10, 12, 0.0, 0.01, 0.75, 0.2, 4, 1.0): (0.6888888888888889, 1.3333333333333333) in 8.76s
248/675 (5, 1000, 0.1, 2, 6, 6.0, 10, 12, 0.0, 0.01, 0.75, 1.0, 4, 1.0): (0.7444444444444446, 1.7666666666666666) in 9.09s
249/675 (5, 1000, 0.1, 2, 6, 6.0, 10, 12, 0.0, 0.01, 0.75, 5.0, 4, 1.0): (0.7111111111111111, 1.2666666666666666) in 9.58s
250/675 (5, 1000, 0.1, 2, 6, 6.0, 10, 12, 0.0, 0.01, 0.9, 0.2, 4, 1.0): (0.6666666666666666, 1.0) in 8.76s
251/675 (5, 1000, 0.1, 2, 6, 6.0, 10, 12, 0.0, 0.01, 0.9, 1.0, 4, 1.0): (0.7222222222222221, 1.6333333333333333) in 8.94s
252/675 (5, 1000, 0.1, 2, 6, 6.0, 10, 12, 0.0, 0.01, 0.9, 5.0, 4, 1.0): (0.7555555555555556, 1.7666666666666666) in 8.58s
253/675 (5, 1000, 0.1, 2, 6, 6.0, 10, 12, 0.0, 0.05, 0.5, 0.2, 4, 1.0): (0.6666666666666666, 1.0) in 9.65s
254/675 (5, 1000, 0.1, 2, 6, 6.0, 10, 12, 0.0, 0.05, 0.5, 1.0, 4, 1.0): (0.7444444444444446, 1.8) in 10.06s
255/675 (5, 1000, 0.1, 2, 6, 6.0, 10, 12, 0.0, 0.05, 0.5, 5.0, 4, 1.0): (0.7444444444444446, 1.5666666666666667) in 12.05s
256/675 (5, 1000, 0.1, 2, 6, 6.0, 10, 12, 0.0, 0.05, 0.75, 0.2, 4, 1.0): (0.6666666666666666, 1.0) in 9.17s
257/675 (5, 1000, 0.1, 2, 6, 6.0, 10, 12, 0.0, 0.05, 0.75, 1.0, 4, 1.0): (0.7444444444444446, 1.8666666666666667) in 9.50s
258/675 (5, 1000, 0.1, 2, 6, 6.0, 10, 12, 0.0, 0.05, 0.75, 5.0, 4, 1.0): (0.7222222222222222, 1.5333333333333334) in 9.35s
259/675 (5, 1000, 0.1, 2, 6, 6.0, 10, 12, 0.0, 0.05, 0.9, 0.2, 4, 1.0): (0.6888888888888889, 1.2333333333333334) in 9.10s
260/675 (5, 1000, 0.1, 2, 6, 6.0, 10, 12, 0.0, 0.05, 0.9, 1.0, 4, 1.0): (0.7666666666666667, 1.8666666666666667) in 9.51s
261/675 (5, 1000, 0.1, 2, 6, 6.0, 10, 12, 0.0, 0.05, 0.9, 5.0, 4, 1.0): (0.7333333333333335, 1.5333333333333334) in 8.83s
262/675 (5, 1000, 0.1, 2, 6, 6.0, 10, 12, 0.0, 0.1, 0.5, 0.2, 4, 1.0): (0.6666666666666666, 1.0) in 9.71s
263/675 (5, 1000, 0.1, 2, 6, 6.0, 10, 12, 0.0, 0.1, 0.5, 1.0, 4, 1.0): (0.7222222222222222, 1.5666666666666667) in 9.65s
264/675 (5, 1000, 0.1, 2, 6, 6.0, 10, 12, 0.0, 0.1, 0.5, 5.0, 4, 1.0): (0.7777777777777778, 2.033333333333333) in 12.36s
265/675 (5, 1000, 0.1, 2, 6, 6.0, 10, 12, 0.0, 0.1, 0.75, 0.2, 4, 1.0): (0.6666666666666666, 1.0) in 9.56s
266/675 (5, 1000, 0.1, 2, 6, 6.0, 10, 12, 0.0, 0.1, 0.75, 1.0, 4, 1.0): (0.7222222222222224, 1.4666666666666666) in 9.51s
267/675 (5, 1000, 0.1, 2, 6, 6.0, 10, 12, 0.0, 0.1, 0.75, 5.0, 4, 1.0): (0.7822222222222223, 2.2) in 11.21s
268/675 (5, 1000, 0.1, 2, 6, 6.0, 10, 12, 0.0, 0.1, 0.9, 0.2, 4, 1.0): (0.6666666666666666, 1.0) in 9.40s
269/675 (5, 1000, 0.1, 2, 6, 6.0, 10, 12, 0.0, 0.1, 0.9, 1.0, 4, 1.0): (0.7111111111111114, 1.3333333333333333) in 9.14s
270/675 (5, 1000, 0.1, 2, 6, 6.0, 10, 12, 0.0, 0.1, 0.9, 5.0, 4, 1.0): (0.7333333333333333, 1.5333333333333334) in 9.30s
271/675 (5, 1000, 0.1, 2, 6, 6.0, 10, 12, 0.001, 0.0, 0.5, 0.2, 4, 1.0): (0.6925925925925928, 1.7666666666666666) in 8.83s
272/675 (5, 1000, 0.1, 2, 6, 6.0, 10, 12, 0.001, 0.0, 0.5, 1.0, 4, 1.0): (0.7444444444444447, 1.5666666666666667) in 8.87s
273/675 (5, 1000, 0.1, 2, 6, 6.0, 10, 12, 0.001, 0.0, 0.5, 5.0, 4, 1.0): (0.7444444444444448, 1.5666666666666667) in 8.72s
274/675 (5, 1000, 0.1, 2, 6, 6.0, 10, 12, 0.001, 0.0, 0.75, 0.2, 4, 1.0): (0.6777777777777778, 1.5333333333333334) in 8.77s
275/675 (5, 1000, 0.1, 2, 6, 6.0, 10, 12, 0.001, 0.0, 0.75, 1.0, 4, 1.0): (0.7222222222222222, 1.7) in 8.61s
276/675 (5, 1000, 0.1, 2, 6, 6.0, 10, 12, 0.001, 0.0, 0.75, 5.0, 4, 1.0): (0.7555555555555554, 1.5333333333333334) in 8.77s
277/675 (5, 1000, 0.1, 2, 6, 6.0, 10, 12, 0.001, 0.0, 0.9, 0.2, 4, 1.0): (0.6666666666666666, 1.6333333333333333) in 8.81s
278/675 (5, 1000, 0.1, 2, 6, 6.0, 10, 12, 0.001, 0.0, 0.9, 1.0, 4, 1.0): (0.7111111111111111, 1.6333333333333333) in 8.96s
279/675 (5, 1000, 0.1, 2, 6, 6.0, 10, 12, 0.001, 0.0, 0.9, 5.0, 4, 1.0): (0.7222222222222224, 1.8333333333333333) in 8.85s
280/675 (5, 1000, 0.1, 2, 6, 6.0, 10, 12, 0.001, 0.001, 0.5, 0.2, 4, 1.0): (0.6666666666666666, 1.7) in 9.18s
281/675 (5, 1000, 0.1, 2, 6, 6.0, 10, 12, 0.001, 0.001, 0.5, 1.0, 4, 1.0): (0.6888888888888889, 1.1666666666666667) in 8.99s
282/675 (5, 1000, 0.1, 2, 6, 6.0, 10, 12, 0.001, 0.001, 0.5, 5.0, 4, 1.0): (0.6999999999999998, 1.4) in 8.66s
283/675 (5, 1000, 0.1, 2, 6, 6.0, 10, 12, 0.001, 0.001, 0.75, 0.2, 4, 1.0): (0.6777777777777777, 1.9333333333333333) in 8.65s
284/675 (5, 1000, 0.1, 2, 6, 6.0, 10, 12, 0.001, 0.001, 0.75, 1.0, 4, 1.0): (0.6888888888888889, 1.5333333333333334) in 10.06s
285/675 (5, 1000, 0.1, 2, 6, 6.0, 10, 12, 0.001, 0.001, 0.75, 5.0, 4, 1.0): (0.7555555555555558, 1.9333333333333333) in 9.05s
286/675 (5, 1000, 0.1, 2, 6, 6.0, 10, 12, 0.001, 0.001, 0.9, 0.2, 4, 1.0): (0.6777777777777778, 1.9333333333333333) in 8.80s
287/675 (5, 1000, 0.1, 2, 6, 6.0, 10, 12, 0.001, 0.001, 0.9, 1.0, 4, 1.0): (0.7155555555555556, 1.8) in 10.44s
288/675 (5, 1000, 0.1, 2, 6, 6.0, 10, 12, 0.001, 0.001, 0.9, 5.0, 4, 1.0): (0.7333333333333333, 1.5333333333333334) in 8.52s
289/675 (5, 1000, 0.1, 2, 6, 6.0, 10, 12, 0.001, 0.01, 0.5, 0.2, 4, 1.0): (0.6888888888888889, 1.1666666666666667) in 8.89s
290/675 (5, 1000, 0.1, 2, 6, 6.0, 10, 12, 0.001, 0.01, 0.5, 1.0, 4, 1.0): (0.7555555555555558, 1.7333333333333334) in 9.54s
291/675 (5, 1000, 0.1, 2, 6, 6.0, 10, 12, 0.001, 0.01, 0.5, 5.0, 4, 1.0): (0.7111111111111111, 1.3333333333333333) in 32.85s
292/675 (5, 1000, 0.1, 2, 6, 6.0, 10, 12, 0.001, 0.01, 0.75, 0.2, 4, 1.0): (0.7000000000000001, 1.4) in 8.79s
293/675 (5, 1000, 0.1, 2, 6, 6.0, 10, 12, 0.001, 0.01, 0.75, 1.0, 4, 1.0): (0.7666666666666667, 1.8333333333333333) in 8.84s
294/675 (5, 1000, 0.1, 2, 6, 6.0, 10, 12, 0.001, 0.01, 0.75, 5.0, 4, 1.0): (0.7333333333333335, 1.5) in 10.77s
295/675 (5, 1000, 0.1, 2, 6, 6.0, 10, 12, 0.001, 0.01, 0.9, 0.2, 4, 1.0): (0.6666666666666666, 1.0) in 8.76s
296/675 (5, 1000, 0.1, 2, 6, 6.0, 10, 12, 0.001, 0.01, 0.9, 1.0, 4, 1.0): (0.6888888888888889, 1.2) in 9.07s
297/675 (5, 1000, 0.1, 2, 6, 6.0, 10, 12, 0.001, 0.01, 0.9, 5.0, 4, 1.0): (0.7333333333333335, 1.5) in 8.80s
298/675 (5, 1000, 0.1, 2, 6, 6.0, 10, 12, 0.001, 0.05, 0.5, 0.2, 4, 1.0): (0.7111111111111114, 1.4666666666666666) in 9.62s
299/675 (5, 1000, 0.1, 2, 6, 6.0, 10, 12, 0.001, 0.05, 0.5, 1.0, 4, 1.0): (0.7333333333333333, 1.6666666666666667) in 9.49s
300/675 (5, 1000, 0.1, 2, 6, 6.0, 10, 12, 0.001, 0.05, 0.5, 5.0, 4, 1.0): (0.7444444444444446, 1.6666666666666667) in 15.25s
301/675 (5, 1000, 0.1, 2, 6, 6.0, 10, 12, 0.001, 0.05, 0.75, 0.2, 4, 1.0): (0.6666666666666666, 1.0) in 9.40s
302/675 (5, 1000, 0.1, 2, 6, 6.0, 10, 12, 0.001, 0.05, 0.75, 1.0, 4, 1.0): (0.7444444444444446, 1.5666666666666667) in 9.21s
303/675 (5, 1000, 0.1, 2, 6, 6.0, 10, 12, 0.001, 0.05, 0.75, 5.0, 4, 1.0): (0.7555555555555558, 1.6333333333333333) in 8.68s
304/675 (5, 1000, 0.1, 2, 6, 6.0, 10, 12, 0.001, 0.05, 0.9, 0.2, 4, 1.0): (0.7111111111111111, 1.6) in 9.09s
305/675 (5, 1000, 0.1, 2, 6, 6.0, 10, 12, 0.001, 0.05, 0.9, 1.0, 4, 1.0): (0.7666666666666667, 2.1666666666666665) in 9.12s
306/675 (5, 1000, 0.1, 2, 6, 6.0, 10, 12, 0.001, 0.05, 0.9, 5.0, 4, 1.0): (0.7333333333333333, 1.4666666666666666) in 8.96s
307/675 (5, 1000, 0.1, 2, 6, 6.0, 10, 12, 0.001, 0.1, 0.5, 0.2, 4, 1.0): (0.6888888888888889, 1.2) in 9.93s
308/675 (5, 1000, 0.1, 2, 6, 6.0, 10, 12, 0.001, 0.1, 0.5, 1.0, 4, 1.0): (0.7111111111111111, 1.3666666666666667) in 10.86s
309/675 (5, 1000, 0.1, 2, 6, 6.0, 10, 12, 0.001, 0.1, 0.5, 5.0, 4, 1.0): (0.8000000000000003, 2.066666666666667) in 10.83s
310/675 (5, 1000, 0.1, 2, 6, 6.0, 10, 12, 0.001, 0.1, 0.75, 0.2, 4, 1.0): (0.6777777777777777, 1.1666666666666667) in 9.47s
311/675 (5, 1000, 0.1, 2, 6, 6.0, 10, 12, 0.001, 0.1, 0.75, 1.0, 4, 1.0): (0.7111111111111111, 1.5333333333333334) in 9.85s
312/675 (5, 1000, 0.1, 2, 6, 6.0, 10, 12, 0.001, 0.1, 0.75, 5.0, 4, 1.0): (0.7333333333333333, 1.4333333333333333) in 10.20s
313/675 (5, 1000, 0.1, 2, 6, 6.0, 10, 12, 0.001, 0.1, 0.9, 0.2, 4, 1.0): (0.6777777777777778, 1.1333333333333333) in 9.53s
314/675 (5, 1000, 0.1, 2, 6, 6.0, 10, 12, 0.001, 0.1, 0.9, 1.0, 4, 1.0): (0.7222222222222222, 1.5333333333333334) in 9.52s
315/675 (5, 1000, 0.1, 2, 6, 6.0, 10, 12, 0.001, 0.1, 0.9, 5.0, 4, 1.0): (0.7333333333333333, 1.6333333333333333) in 9.35s
316/675 (5, 1000, 0.1, 2, 6, 6.0, 10, 12, 0.01, 0.0, 0.5, 0.2, 4, 1.0): (0.7000000000000001, 1.3) in 10.94s
317/675 (5, 1000, 0.1, 2, 6, 6.0, 10, 12, 0.01, 0.0, 0.5, 1.0, 4, 1.0): (0.7777777777777779, 2.1666666666666665) in 10.47s
318/675 (5, 1000, 0.1, 2, 6, 6.0, 10, 12, 0.01, 0.0, 0.5, 5.0, 4, 1.0): (0.6888888888888889, 1.2) in 9.59s
319/675 (5, 1000, 0.1, 2, 6, 6.0, 10, 12, 0.01, 0.0, 0.75, 0.2, 4, 1.0): (0.6933333333333334, 1.3333333333333333) in 11.32s
320/675 (5, 1000, 0.1, 2, 6, 6.0, 10, 12, 0.01, 0.0, 0.75, 1.0, 4, 1.0): (0.7, 1.4) in 9.79s
321/675 (5, 1000, 0.1, 2, 6, 6.0, 10, 12, 0.01, 0.0, 0.75, 5.0, 4, 1.0): (0.7555555555555558, 1.6666666666666667) in 10.76s
322/675 (5, 1000, 0.1, 2, 6, 6.0, 10, 12, 0.01, 0.0, 0.9, 0.2, 4, 1.0): (0.6822222222222223, 1.1333333333333333) in 10.54s
323/675 (5, 1000, 0.1, 2, 6, 6.0, 10, 12, 0.01, 0.0, 0.9, 1.0, 4, 1.0): (0.6888888888888889, 1.2666666666666666) in 10.80s
324/675 (5, 1000, 0.1, 2, 6, 6.0, 10, 12, 0.01, 0.0, 0.9, 5.0, 4, 1.0): (0.7000000000000001, 1.3) in 9.58s
325/675 (5, 1000, 0.1, 2, 6, 6.0, 10, 12, 0.01, 0.001, 0.5, 0.2, 4, 1.0): (0.6666666666666666, 1.0) in 10.51s
326/675 (5, 1000, 0.1, 2, 6, 6.0, 10, 12, 0.01, 0.001, 0.5, 1.0, 4, 1.0): (0.7333333333333335, 1.5666666666666667) in 9.69s
327/675 (5, 1000, 0.1, 2, 6, 6.0, 10, 12, 0.01, 0.001, 0.5, 5.0, 4, 1.0): (0.7111111111111111, 1.3) in 10.12s
328/675 (5, 1000, 0.1, 2, 6, 6.0, 10, 12, 0.01, 0.001, 0.75, 0.2, 4, 1.0): (0.6888888888888889, 1.1333333333333333) in 10.45s
329/675 (5, 1000, 0.1, 2, 6, 6.0, 10, 12, 0.01, 0.001, 0.75, 1.0, 4, 1.0): (0.711111111111111, 1.4333333333333333) in 9.70s
330/675 (5, 1000, 0.1, 2, 6, 6.0, 10, 12, 0.01, 0.001, 0.75, 5.0, 4, 1.0): (0.7555555555555558, 1.5666666666666667) in 11.13s
331/675 (5, 1000, 0.1, 2, 6, 6.0, 10, 12, 0.01, 0.001, 0.9, 0.2, 4, 1.0): (0.6777777777777778, 1.0666666666666667) in 10.85s
332/675 (5, 1000, 0.1, 2, 6, 6.0, 10, 12, 0.01, 0.001, 0.9, 1.0, 4, 1.0): (0.7333333333333333, 1.5) in 10.20s
333/675 (5, 1000, 0.1, 2, 6, 6.0, 10, 12, 0.01, 0.001, 0.9, 5.0, 4, 1.0): (0.7111111111111111, 1.3666666666666667) in 9.88s
334/675 (5, 1000, 0.1, 2, 6, 6.0, 10, 12, 0.01, 0.01, 0.5, 0.2, 4, 1.0): (0.6888888888888889, 1.2333333333333334) in 11.52s
335/675 (5, 1000, 0.1, 2, 6, 6.0, 10, 12, 0.01, 0.01, 0.5, 1.0, 4, 1.0): (0.7666666666666668, 1.9) in 10.19s
336/675 (5, 1000, 0.1, 2, 6, 6.0, 10, 12, 0.01, 0.01, 0.5, 5.0, 4, 1.0): (0.7444444444444447, 1.7) in 12.78s
337/675 (5, 1000, 0.1, 2, 6, 6.0, 10, 12, 0.01, 0.01, 0.75, 0.2, 4, 1.0): (0.6777777777777778, 1.0666666666666667) in 11.13s
338/675 (5, 1000, 0.1, 2, 6, 6.0, 10, 12, 0.01, 0.01, 0.75, 1.0, 4, 1.0): (0.7111111111111111, 1.3) in 10.70s
339/675 (5, 1000, 0.1, 2, 6, 6.0, 10, 12, 0.01, 0.01, 0.75, 5.0, 4, 1.0): (0.7444444444444447, 1.5333333333333334) in 10.64s
340/675 (5, 1000, 0.1, 2, 6, 6.0, 10, 12, 0.01, 0.01, 0.9, 0.2, 4, 1.0): (0.711111111111111, 1.2666666666666666) in 11.04s
341/675 (5, 1000, 0.1, 2, 6, 6.0, 10, 12, 0.01, 0.01, 0.9, 1.0, 4, 1.0): (0.7222222222222222, 1.3333333333333333) in 10.09s
342/675 (5, 1000, 0.1, 2, 6, 6.0, 10, 12, 0.01, 0.01, 0.9, 5.0, 4, 1.0): (0.7666666666666668, 1.7) in 9.84s
343/675 (5, 1000, 0.1, 2, 6, 6.0, 10, 12, 0.01, 0.05, 0.5, 0.2, 4, 1.0): (0.6666666666666666, 1.0) in 14.36s
344/675 (5, 1000, 0.1, 2, 6, 6.0, 10, 12, 0.01, 0.05, 0.5, 1.0, 4, 1.0): (0.7333333333333332, 1.7) in 11.10s
345/675 (5, 1000, 0.1, 2, 6, 6.0, 10, 12, 0.01, 0.05, 0.5, 5.0, 4, 1.0): (0.7333333333333335, 1.5) in 12.68s
346/675 (5, 1000, 0.1, 2, 6, 6.0, 10, 12, 0.01, 0.05, 0.75, 0.2, 4, 1.0): (0.6777777777777778, 1.1333333333333333) in 13.13s
347/675 (5, 1000, 0.1, 2, 6, 6.0, 10, 12, 0.01, 0.05, 0.75, 1.0, 4, 1.0): (0.7777777777777779, 2.033333333333333) in 10.78s
348/675 (5, 1000, 0.1, 2, 6, 6.0, 10, 12, 0.01, 0.05, 0.75, 5.0, 4, 1.0): (0.7333333333333335, 1.4333333333333333) in 10.52s
349/675 (5, 1000, 0.1, 2, 6, 6.0, 10, 12, 0.01, 0.05, 0.9, 0.2, 4, 1.0): (0.6888888888888889, 1.2333333333333334) in 13.06s
350/675 (5, 1000, 0.1, 2, 6, 6.0, 10, 12, 0.01, 0.05, 0.9, 1.0, 4, 1.0): (0.7222222222222224, 1.6) in 10.36s
351/675 (5, 1000, 0.1, 2, 6, 6.0, 10, 12, 0.01, 0.05, 0.9, 5.0, 4, 1.0): (0.711111111111111, 1.5) in 10.28s
352/675 (5, 1000, 0.1, 2, 6, 6.0, 10, 12, 0.01, 0.1, 0.5, 0.2, 4, 1.0): (0.7044444444444444, 1.4333333333333333) in 17.19s
353/675 (5, 1000, 0.1, 2, 6, 6.0, 10, 12, 0.01, 0.1, 0.5, 1.0, 4, 1.0): (0.7333333333333333, 1.6333333333333333) in 11.56s
354/675 (5, 1000, 0.1, 2, 6, 6.0, 10, 12, 0.01, 0.1, 0.5, 5.0, 4, 1.0): (0.7666666666666669, 1.9333333333333333) in 11.68s
355/675 (5, 1000, 0.1, 2, 6, 6.0, 10, 12, 0.01, 0.1, 0.75, 0.2, 4, 1.0): (0.7000000000000001, 1.2) in 16.11s
356/675 (5, 1000, 0.1, 2, 6, 6.0, 10, 12, 0.01, 0.1, 0.75, 1.0, 4, 1.0): (0.7222222222222222, 1.5666666666666667) in 11.66s
357/675 (5, 1000, 0.1, 2, 6, 6.0, 10, 12, 0.01, 0.1, 0.75, 5.0, 4, 1.0): (0.7555555555555556, 1.8) in 11.03s
358/675 (5, 1000, 0.1, 2, 6, 6.0, 10, 12, 0.01, 0.1, 0.9, 0.2, 4, 1.0): (0.6777777777777777, 1.1666666666666667) in 16.02s
359/675 (5, 1000, 0.1, 2, 6, 6.0, 10, 12, 0.01, 0.1, 0.9, 1.0, 4, 1.0): (0.6777777777777778, 1.1) in 11.28s
360/675 (5, 1000, 0.1, 2, 6, 6.0, 10, 12, 0.01, 0.1, 0.9, 5.0, 4, 1.0): (0.7888888888888891, 2.1333333333333333) in 11.06s
361/675 (5, 1000, 0.1, 2, 6, 6.0, 10, 12, 0.02, 0.0, 0.5, 0.2, 4, 1.0): (0.7444444444444446, 1.5) in 13.75s
362/675 (5, 1000, 0.1, 2, 6, 6.0, 10, 12, 0.02, 0.0, 0.5, 1.0, 4, 1.0): (0.7333333333333335, 1.6) in 10.94s
363/675 (5, 1000, 0.1, 2, 6, 6.0, 10, 12, 0.02, 0.0, 0.5, 5.0, 4, 1.0): (0.7111111111111111, 1.3666666666666667) in 12.19s
364/675 (5, 1000, 0.1, 2, 6, 6.0, 10, 12, 0.02, 0.0, 0.75, 0.2, 4, 1.0): (0.7155555555555556, 1.5333333333333334) in 13.45s
365/675 (5, 1000, 0.1, 2, 6, 6.0, 10, 12, 0.02, 0.0, 0.75, 1.0, 4, 1.0): (0.7222222222222221, 1.5) in 12.33s
366/675 (5, 1000, 0.1, 2, 6, 6.0, 10, 12, 0.02, 0.0, 0.75, 5.0, 4, 1.0): (0.7333333333333335, 1.5666666666666667) in 10.88s
367/675 (5, 1000, 0.1, 2, 6, 6.0, 10, 12, 0.02, 0.0, 0.9, 0.2, 4, 1.0): (0.7222222222222222, 1.5333333333333334) in 13.09s
368/675 (5, 1000, 0.1, 2, 6, 6.0, 10, 12, 0.02, 0.0, 0.9, 1.0, 4, 1.0): (0.7333333333333333, 1.5666666666666667) in 11.06s
369/675 (5, 1000, 0.1, 2, 6, 6.0, 10, 12, 0.02, 0.0, 0.9, 5.0, 4, 1.0): (0.7111111111111111, 1.2666666666666666) in 10.91s
370/675 (5, 1000, 0.1, 2, 6, 6.0, 10, 12, 0.02, 0.001, 0.5, 0.2, 4, 1.0): (0.7111111111111111, 1.4) in 13.32s
371/675 (5, 1000, 0.1, 2, 6, 6.0, 10, 12, 0.02, 0.001, 0.5, 1.0, 4, 1.0): (0.7444444444444447, 1.5333333333333334) in 11.28s
372/675 (5, 1000, 0.1, 2, 6, 6.0, 10, 12, 0.02, 0.001, 0.5, 5.0, 4, 1.0): (0.7333333333333336, 1.5333333333333334) in 11.58s
373/675 (5, 1000, 0.1, 2, 6, 6.0, 10, 12, 0.02, 0.001, 0.75, 0.2, 4, 1.0): (0.7, 1.3333333333333333) in 13.26s
374/675 (5, 1000, 0.1, 2, 6, 6.0, 10, 12, 0.02, 0.001, 0.75, 1.0, 4, 1.0): (0.7555555555555558, 1.8) in 11.28s
375/675 (5, 1000, 0.1, 2, 6, 6.0, 10, 12, 0.02, 0.001, 0.75, 5.0, 4, 1.0): (0.6777777777777778, 1.0666666666666667) in 11.13s
376/675 (5, 1000, 0.1, 2, 6, 6.0, 10, 12, 0.02, 0.001, 0.9, 0.2, 4, 1.0): (0.7222222222222222, 1.5333333333333334) in 13.28s
377/675 (5, 1000, 0.1, 2, 6, 6.0, 10, 12, 0.02, 0.001, 0.9, 1.0, 4, 1.0): (0.7555555555555556, 1.7666666666666666) in 11.22s
378/675 (5, 1000, 0.1, 2, 6, 6.0, 10, 12, 0.02, 0.001, 0.9, 5.0, 4, 1.0): (0.711111111111111, 1.3) in 10.79s
379/675 (5, 1000, 0.1, 2, 6, 6.0, 10, 12, 0.02, 0.01, 0.5, 0.2, 4, 1.0): (0.6888888888888889, 1.1333333333333333) in 14.40s
380/675 (5, 1000, 0.1, 2, 6, 6.0, 10, 12, 0.02, 0.01, 0.5, 1.0, 4, 1.0): (0.7666666666666668, 2.0) in 12.24s
381/675 (5, 1000, 0.1, 2, 6, 6.0, 10, 12, 0.02, 0.01, 0.5, 5.0, 4, 1.0): (0.7555555555555556, 1.6333333333333333) in 14.70s
382/675 (5, 1000, 0.1, 2, 6, 6.0, 10, 12, 0.02, 0.01, 0.75, 0.2, 4, 1.0): (0.7444444444444444, 1.7) in 14.01s
383/675 (5, 1000, 0.1, 2, 6, 6.0, 10, 12, 0.02, 0.01, 0.75, 1.0, 4, 1.0): (0.7333333333333335, 1.6333333333333333) in 11.82s
384/675 (5, 1000, 0.1, 2, 6, 6.0, 10, 12, 0.02, 0.01, 0.75, 5.0, 4, 1.0): (0.7444444444444446, 1.6333333333333333) in 10.94s
385/675 (5, 1000, 0.1, 2, 6, 6.0, 10, 12, 0.02, 0.01, 0.9, 0.2, 4, 1.0): (0.6888888888888889, 1.1333333333333333) in 13.75s
386/675 (5, 1000, 0.1, 2, 6, 6.0, 10, 12, 0.02, 0.01, 0.9, 1.0, 4, 1.0): (0.7222222222222222, 1.5333333333333334) in 11.59s
387/675 (5, 1000, 0.1, 2, 6, 6.0, 10, 12, 0.02, 0.01, 0.9, 5.0, 4, 1.0): (0.7222222222222222, 1.5) in 10.83s
388/675 (5, 1000, 0.1, 2, 6, 6.0, 10, 12, 0.02, 0.05, 0.5, 0.2, 4, 1.0): (0.711111111111111, 1.3666666666666667) in 18.96s
389/675 (5, 1000, 0.1, 2, 6, 6.0, 10, 12, 0.02, 0.05, 0.5, 1.0, 4, 1.0): (0.7555555555555556, 1.6333333333333333) in 12.81s
390/675 (5, 1000, 0.1, 2, 6, 6.0, 10, 12, 0.02, 0.05, 0.5, 5.0, 4, 1.0): (0.7666666666666665, 1.6666666666666667) in 21.82s
391/675 (5, 1000, 0.1, 2, 6, 6.0, 10, 12, 0.02, 0.05, 0.75, 0.2, 4, 1.0): (0.7222222222222222, 1.4666666666666666) in 18.16s
392/675 (5, 1000, 0.1, 2, 6, 6.0, 10, 12, 0.02, 0.05, 0.75, 1.0, 4, 1.0): (0.7377777777777779, 1.5333333333333334) in 12.52s
393/675 (5, 1000, 0.1, 2, 6, 6.0, 10, 12, 0.02, 0.05, 0.75, 5.0, 4, 1.0): (0.7666666666666669, 1.9333333333333333) in 11.66s
394/675 (5, 1000, 0.1, 2, 6, 6.0, 10, 12, 0.02, 0.05, 0.9, 0.2, 4, 1.0): (0.6888888888888889, 1.1333333333333333) in 16.84s
395/675 (5, 1000, 0.1, 2, 6, 6.0, 10, 12, 0.02, 0.05, 0.9, 1.0, 4, 1.0): (0.7333333333333333, 1.8) in 12.45s
396/675 (5, 1000, 0.1, 2, 6, 6.0, 10, 12, 0.02, 0.05, 0.9, 5.0, 4, 1.0): (0.8000000000000002, 2.1333333333333333) in 11.14s
397/675 (5, 1000, 0.1, 2, 6, 6.0, 10, 12, 0.02, 0.1, 0.5, 0.2, 4, 1.0): (0.7377777777777779, 1.7333333333333334) in 22.48s
398/675 (5, 1000, 0.1, 2, 6, 6.0, 10, 12, 0.02, 0.1, 0.5, 1.0, 4, 1.0): (0.8000000000000003, 2.2333333333333334) in 13.57s
399/675 (5, 1000, 0.1, 2, 6, 6.0, 10, 12, 0.02, 0.1, 0.5, 5.0, 4, 1.0): (0.7555555555555556, 1.7333333333333334) in 12.15s
400/675 (5, 1000, 0.1, 2, 6, 6.0, 10, 12, 0.02, 0.1, 0.75, 0.2, 4, 1.0): (0.7333333333333333, 1.6) in 20.91s
401/675 (5, 1000, 0.1, 2, 6, 6.0, 10, 12, 0.02, 0.1, 0.75, 1.0, 4, 1.0): (0.7666666666666668, 1.9666666666666666) in 13.32s
402/675 (5, 1000, 0.1, 2, 6, 6.0, 10, 12, 0.02, 0.1, 0.75, 5.0, 4, 1.0): (0.7555555555555556, 1.6) in 11.40s
403/675 (5, 1000, 0.1, 2, 6, 6.0, 10, 12, 0.02, 0.1, 0.9, 0.2, 4, 1.0): (0.6888888888888889, 1.1666666666666667) in 20.29s
404/675 (5, 1000, 0.1, 2, 6, 6.0, 10, 12, 0.02, 0.1, 0.9, 1.0, 4, 1.0): (0.7, 1.2333333333333334) in 12.72s
405/675 (5, 1000, 0.1, 2, 6, 6.0, 10, 12, 0.02, 0.1, 0.9, 5.0, 4, 1.0): (0.8000000000000002, 2.2) in 11.51s
406/675 (5, 1000, 0.1, 2, 6, 6.0, 10, 12, 0.05, 0.0, 0.5, 0.2, 4, 1.0): (0.8222222222222223, 2.033333333333333) in 25.04s
407/675 (5, 1000, 0.1, 2, 6, 6.0, 10, 12, 0.05, 0.0, 0.5, 1.0, 4, 1.0): (0.7777777777777778, 2.1666666666666665) in 17.51s
408/675 (5, 1000, 0.1, 2, 6, 6.0, 10, 12, 0.05, 0.0, 0.5, 5.0, 4, 1.0): (0.711111111111111, 1.2666666666666666) in 15.87s
409/675 (5, 1000, 0.1, 2, 6, 6.0, 10, 12, 0.05, 0.0, 0.75, 0.2, 4, 1.0): (0.777777777777778, 1.8) in 25.39s
410/675 (5, 1000, 0.1, 2, 6, 6.0, 10, 12, 0.05, 0.0, 0.75, 1.0, 4, 1.0): (0.7666666666666668, 1.8333333333333333) in 16.10s
411/675 (5, 1000, 0.1, 2, 6, 6.0, 10, 12, 0.05, 0.0, 0.75, 5.0, 4, 1.0): (0.7444444444444446, 1.5666666666666667) in 16.47s
412/675 (5, 1000, 0.1, 2, 6, 6.0, 10, 12, 0.05, 0.0, 0.9, 0.2, 4, 1.0): (0.8000000000000002, 2.0) in 23.30s
413/675 (5, 1000, 0.1, 2, 6, 6.0, 10, 12, 0.05, 0.0, 0.9, 1.0, 4, 1.0): (0.7666666666666668, 2.066666666666667) in 16.03s
414/675 (5, 1000, 0.1, 2, 6, 6.0, 10, 12, 0.05, 0.0, 0.9, 5.0, 4, 1.0): (0.8000000000000003, 2.3333333333333335) in 13.62s
415/675 (5, 1000, 0.1, 2, 6, 6.0, 10, 12, 0.05, 0.001, 0.5, 0.2, 4, 1.0): (0.8111111111111113, 2.1333333333333333) in 25.48s
416/675 (5, 1000, 0.1, 2, 6, 6.0, 10, 12, 0.05, 0.001, 0.5, 1.0, 4, 1.0): (0.7444444444444446, 1.5666666666666667) in 17.55s
417/675 (5, 1000, 0.1, 2, 6, 6.0, 10, 12, 0.05, 0.001, 0.5, 5.0, 4, 1.0): (0.6888888888888889, 1.3) in 13.71s
418/675 (5, 1000, 0.1, 2, 6, 6.0, 10, 12, 0.05, 0.001, 0.75, 0.2, 4, 1.0): (0.7666666666666668, 1.8666666666666667) in 24.49s
419/675 (5, 1000, 0.1, 2, 6, 6.0, 10, 12, 0.05, 0.001, 0.75, 1.0, 4, 1.0): (0.7888888888888892, 1.9333333333333333) in 15.88s
420/675 (5, 1000, 0.1, 2, 6, 6.0, 10, 12, 0.05, 0.001, 0.75, 5.0, 4, 1.0): (0.7555555555555556, 1.6333333333333333) in 14.94s
421/675 (5, 1000, 0.1, 2, 6, 6.0, 10, 12, 0.05, 0.001, 0.9, 0.2, 4, 1.0): (0.7333333333333335, 1.4333333333333333) in 22.93s
422/675 (5, 1000, 0.1, 2, 6, 6.0, 10, 12, 0.05, 0.001, 0.9, 1.0, 4, 1.0): (0.7444444444444446, 1.8666666666666667) in 15.92s
423/675 (5, 1000, 0.1, 2, 6, 6.0, 10, 12, 0.05, 0.001, 0.9, 5.0, 4, 1.0): (0.7222222222222222, 1.4333333333333333) in 13.63s
424/675 (5, 1000, 0.1, 2, 6, 6.0, 10, 12, 0.05, 0.01, 0.5, 0.2, 4, 1.0): (0.7444444444444446, 1.7333333333333334) in 27.32s
425/675 (5, 1000, 0.1, 2, 6, 6.0, 10, 12, 0.05, 0.01, 0.5, 1.0, 4, 1.0): (0.7666666666666668, 1.6666666666666667) in 17.53s
426/675 (5, 1000, 0.1, 2, 6, 6.0, 10, 12, 0.05, 0.01, 0.5, 5.0, 4, 1.0): (0.7, 1.2666666666666666) in 15.66s
427/675 (5, 1000, 0.1, 2, 6, 6.0, 10, 12, 0.05, 0.01, 0.75, 0.2, 4, 1.0): (0.7555555555555556, 1.6666666666666667) in 25.31s
428/675 (5, 1000, 0.1, 2, 6, 6.0, 10, 12, 0.05, 0.01, 0.75, 1.0, 4, 1.0): (0.7777777777777778, 2.066666666666667) in 16.08s
429/675 (5, 1000, 0.1, 2, 6, 6.0, 10, 12, 0.05, 0.01, 0.75, 5.0, 4, 1.0): (0.7444444444444446, 1.6333333333333333) in 14.86s
430/675 (5, 1000, 0.1, 2, 6, 6.0, 10, 12, 0.05, 0.01, 0.9, 0.2, 4, 1.0): (0.8333333333333337, 2.3666666666666667) in 25.04s
431/675 (5, 1000, 0.1, 2, 6, 6.0, 10, 12, 0.05, 0.01, 0.9, 1.0, 4, 1.0): (0.788888888888889, 1.9333333333333333) in 15.77s
432/675 (5, 1000, 0.1, 2, 6, 6.0, 10, 12, 0.05, 0.01, 0.9, 5.0, 4, 1.0): (0.7333333333333335, 1.6333333333333333) in 13.78s
433/675 (5, 1000, 0.1, 2, 6, 6.0, 10, 12, 0.05, 0.05, 0.5, 0.2, 4, 1.0): (0.7444444444444444, 1.5333333333333334) in 32.11s
434/675 (5, 1000, 0.1, 2, 6, 6.0, 10, 12, 0.05, 0.05, 0.5, 1.0, 4, 1.0): (0.777777777777778, 1.9666666666666666) in 18.47s
435/675 (5, 1000, 0.1, 2, 6, 6.0, 10, 12, 0.05, 0.05, 0.5, 5.0, 4, 1.0): (0.8000000000000002, 2.033333333333333) in 21.03s
436/675 (5, 1000, 0.1, 2, 6, 6.0, 10, 12, 0.05, 0.05, 0.75, 0.2, 4, 1.0): (0.7000000000000001, 1.2333333333333334) in 29.34s
437/675 (5, 1000, 0.1, 2, 6, 6.0, 10, 12, 0.05, 0.05, 0.75, 1.0, 4, 1.0): (0.7555555555555558, 1.7) in 18.09s
438/675 (5, 1000, 0.1, 2, 6, 6.0, 10, 12, 0.05, 0.05, 0.75, 5.0, 4, 1.0): (0.7555555555555558, 1.7666666666666666) in 17.27s
439/675 (5, 1000, 0.1, 2, 6, 6.0, 10, 12, 0.05, 0.05, 0.9, 0.2, 4, 1.0): (0.7222222222222222, 1.4) in 28.40s
440/675 (5, 1000, 0.1, 2, 6, 6.0, 10, 12, 0.05, 0.05, 0.9, 1.0, 4, 1.0): (0.7666666666666668, 1.7) in 17.29s
441/675 (5, 1000, 0.1, 2, 6, 6.0, 10, 12, 0.05, 0.05, 0.9, 5.0, 4, 1.0): (0.7555555555555559, 1.9) in 13.71s
442/675 (5, 1000, 0.1, 2, 6, 6.0, 10, 12, 0.05, 0.1, 0.5, 0.2, 4, 1.0): (0.7555555555555556, 1.7333333333333334) in 37.40s
443/675 (5, 1000, 0.1, 2, 6, 6.0, 10, 12, 0.05, 0.1, 0.5, 1.0, 4, 1.0): (0.7666666666666668, 1.8333333333333333) in 20.59s
444/675 (5, 1000, 0.1, 2, 6, 6.0, 10, 12, 0.05, 0.1, 0.5, 5.0, 4, 1.0): (0.8000000000000003, 2.1666666666666665) in 15.87s
445/675 (5, 1000, 0.1, 2, 6, 6.0, 10, 12, 0.05, 0.1, 0.75, 0.2, 4, 1.0): (0.7266666666666669, 1.4666666666666666) in 33.92s
446/675 (5, 1000, 0.1, 2, 6, 6.0, 10, 12, 0.05, 0.1, 0.75, 1.0, 4, 1.0): (0.7777777777777779, 1.8666666666666667) in 18.99s
447/675 (5, 1000, 0.1, 2, 6, 6.0, 10, 12, 0.05, 0.1, 0.75, 5.0, 4, 1.0): (0.7666666666666668, 1.8666666666666667) in 14.59s
448/675 (5, 1000, 0.1, 2, 6, 6.0, 10, 12, 0.05, 0.1, 0.9, 0.2, 4, 1.0): (0.6888888888888889, 1.1333333333333333) in 32.03s
449/675 (5, 1000, 0.1, 2, 6, 6.0, 10, 12, 0.05, 0.1, 0.9, 1.0, 4, 1.0): (0.7666666666666668, 1.7666666666666666) in 19.04s
450/675 (5, 1000, 0.1, 2, 6, 6.0, 10, 12, 0.05, 0.1, 0.9, 5.0, 4, 1.0): (0.788888888888889, 1.9666666666666666) in 14.43s
451/675 (5, 1000, 0.1, 2, 6, 10.0, 10, 12, 0.0, 0.0, 0.5, 0.2, 4, 1.0): (0.6722222222222223, 2.3) in 9.17s
452/675 (5, 1000, 0.1, 2, 6, 10.0, 10, 12, 0.0, 0.0, 0.5, 1.0, 4, 1.0): (0.7600000000000001, 2.2) in 10.42s
453/675 (5, 1000, 0.1, 2, 6, 10.0, 10, 12, 0.0, 0.0, 0.5, 5.0, 4, 1.0): (0.7111111111111111, 1.5333333333333334) in 48.08s
454/675 (5, 1000, 0.1, 2, 6, 10.0, 10, 12, 0.0, 0.0, 0.75, 0.2, 4, 1.0): (0.7, 1.8666666666666667) in 8.68s
455/675 (5, 1000, 0.1, 2, 6, 10.0, 10, 12, 0.0, 0.0, 0.75, 1.0, 4, 1.0): (0.7333333333333333, 1.8666666666666667) in 9.21s
456/675 (5, 1000, 0.1, 2, 6, 10.0, 10, 12, 0.0, 0.0, 0.75, 5.0, 4, 1.0): (0.7666666666666668, 1.6666666666666667) in 8.69s
457/675 (5, 1000, 0.1, 2, 6, 10.0, 10, 12, 0.0, 0.0, 0.9, 0.2, 4, 1.0): (0.6777777777777777, 1.3666666666666667) in 8.52s
458/675 (5, 1000, 0.1, 2, 6, 10.0, 10, 12, 0.0, 0.0, 0.9, 1.0, 4, 1.0): (0.7000000000000001, 1.4) in 8.69s
459/675 (5, 1000, 0.1, 2, 6, 10.0, 10, 12, 0.0, 0.0, 0.9, 5.0, 4, 1.0): (0.6777777777777778, 1.4) in 8.47s
460/675 (5, 1000, 0.1, 2, 6, 10.0, 10, 12, 0.0, 0.001, 0.5, 0.2, 4, 1.0): (0.6666666666666666, 1.6333333333333333) in 8.33s
461/675 (5, 1000, 0.1, 2, 6, 10.0, 10, 12, 0.0, 0.001, 0.5, 1.0, 4, 1.0): (0.7555555555555556, 1.8666666666666667) in 8.88s
462/675 (5, 1000, 0.1, 2, 6, 10.0, 10, 12, 0.0, 0.001, 0.5, 5.0, 4, 1.0): (0.6666666666666666, 1.3666666666666667) in 8.61s
463/675 (5, 1000, 0.1, 2, 6, 10.0, 10, 12, 0.0, 0.001, 0.75, 0.2, 4, 1.0): (0.6777777777777778, 1.4) in 8.84s
464/675 (5, 1000, 0.1, 2, 6, 10.0, 10, 12, 0.0, 0.001, 0.75, 1.0, 4, 1.0): (0.7, 1.7333333333333334) in 9.08s
465/675 (5, 1000, 0.1, 2, 6, 10.0, 10, 12, 0.0, 0.001, 0.75, 5.0, 4, 1.0): (0.7777777777777778, 1.8666666666666667) in 10.27s
466/675 (5, 1000, 0.1, 2, 6, 10.0, 10, 12, 0.0, 0.001, 0.9, 0.2, 4, 1.0): (0.6777777777777777, 2.066666666666667) in 8.85s
467/675 (5, 1000, 0.1, 2, 6, 10.0, 10, 12, 0.0, 0.001, 0.9, 1.0, 4, 1.0): (0.7222222222222222, 1.7666666666666666) in 9.51s
468/675 (5, 1000, 0.1, 2, 6, 10.0, 10, 12, 0.0, 0.001, 0.9, 5.0, 4, 1.0): (0.7444444444444447, 1.7666666666666666) in 8.76s
469/675 (5, 1000, 0.1, 2, 6, 10.0, 10, 12, 0.0, 0.01, 0.5, 0.2, 4, 1.0): (0.6933333333333334, 1.3666666666666667) in 8.85s
470/675 (5, 1000, 0.1, 2, 6, 10.0, 10, 12, 0.0, 0.01, 0.5, 1.0, 4, 1.0): (0.8111111111111112, 2.566666666666667) in 10.60s
471/675 (5, 1000, 0.1, 2, 6, 10.0, 10, 12, 0.0, 0.01, 0.5, 5.0, 4, 1.0): (0.7666666666666668, 1.7) in 12.42s
472/675 (5, 1000, 0.1, 2, 6, 10.0, 10, 12, 0.0, 0.01, 0.75, 0.2, 4, 1.0): (0.6777777777777778, 1.2333333333333334) in 8.95s
473/675 (5, 1000, 0.1, 2, 6, 10.0, 10, 12, 0.0, 0.01, 0.75, 1.0, 4, 1.0): (0.7444444444444446, 1.8666666666666667) in 8.86s
474/675 (5, 1000, 0.1, 2, 6, 10.0, 10, 12, 0.0, 0.01, 0.75, 5.0, 4, 1.0): (0.7555555555555556, 1.7333333333333334) in 9.99s
475/675 (5, 1000, 0.1, 2, 6, 10.0, 10, 12, 0.0, 0.01, 0.9, 0.2, 4, 1.0): (0.6666666666666666, 1.0) in 8.93s
476/675 (5, 1000, 0.1, 2, 6, 10.0, 10, 12, 0.0, 0.01, 0.9, 1.0, 4, 1.0): (0.7222222222222222, 1.7) in 9.13s
477/675 (5, 1000, 0.1, 2, 6, 10.0, 10, 12, 0.0, 0.01, 0.9, 5.0, 4, 1.0): (0.7444444444444446, 1.6333333333333333) in 9.46s
478/675 (5, 1000, 0.1, 2, 6, 10.0, 10, 12, 0.0, 0.05, 0.5, 0.2, 4, 1.0): (0.6777777777777778, 1.2333333333333334) in 9.65s
479/675 (5, 1000, 0.1, 2, 6, 10.0, 10, 12, 0.0, 0.05, 0.5, 1.0, 4, 1.0): (0.8111111111111113, 2.533333333333333) in 10.04s
480/675 (5, 1000, 0.1, 2, 6, 10.0, 10, 12, 0.0, 0.05, 0.5, 5.0, 4, 1.0): (0.8555555555555558, 2.7666666666666666) in 22.39s
481/675 (5, 1000, 0.1, 2, 6, 10.0, 10, 12, 0.0, 0.05, 0.75, 0.2, 4, 1.0): (0.6777777777777777, 1.1) in 9.47s
482/675 (5, 1000, 0.1, 2, 6, 10.0, 10, 12, 0.0, 0.05, 0.75, 1.0, 4, 1.0): (0.7222222222222224, 1.6333333333333333) in 9.50s
483/675 (5, 1000, 0.1, 2, 6, 10.0, 10, 12, 0.0, 0.05, 0.75, 5.0, 4, 1.0): (0.8222222222222223, 2.566666666666667) in 8.97s
484/675 (5, 1000, 0.1, 2, 6, 10.0, 10, 12, 0.0, 0.05, 0.9, 0.2, 4, 1.0): (0.6777777777777778, 1.1666666666666667) in 9.23s
485/675 (5, 1000, 0.1, 2, 6, 10.0, 10, 12, 0.0, 0.05, 0.9, 1.0, 4, 1.0): (0.7555555555555554, 2.0) in 9.36s
486/675 (5, 1000, 0.1, 2, 6, 10.0, 10, 12, 0.0, 0.05, 0.9, 5.0, 4, 1.0): (0.7555555555555556, 1.6) in 10.50s
487/675 (5, 1000, 0.1, 2, 6, 10.0, 10, 12, 0.0, 0.1, 0.5, 0.2, 4, 1.0): (0.6777777777777778, 1.2) in 9.91s
488/675 (5, 1000, 0.1, 2, 6, 10.0, 10, 12, 0.0, 0.1, 0.5, 1.0, 4, 1.0): (0.711111111111111, 1.5) in 10.59s
489/675 (5, 1000, 0.1, 2, 6, 10.0, 10, 12, 0.0, 0.1, 0.5, 5.0, 4, 1.0): (0.777777777777778, 2.2333333333333334) in 12.32s
490/675 (5, 1000, 0.1, 2, 6, 10.0, 10, 12, 0.0, 0.1, 0.75, 0.2, 4, 1.0): (0.6888888888888889, 1.3) in 9.84s
491/675 (5, 1000, 0.1, 2, 6, 10.0, 10, 12, 0.0, 0.1, 0.75, 1.0, 4, 1.0): (0.7333333333333335, 1.7) in 9.81s
492/675 (5, 1000, 0.1, 2, 6, 10.0, 10, 12, 0.0, 0.1, 0.75, 5.0, 4, 1.0): (0.8111111111111112, 2.3333333333333335) in 10.62s
493/675 (5, 1000, 0.1, 2, 6, 10.0, 10, 12, 0.0, 0.1, 0.9, 0.2, 4, 1.0): (0.6666666666666666, 1.0333333333333334) in 9.46s
494/675 (5, 1000, 0.1, 2, 6, 10.0, 10, 12, 0.0, 0.1, 0.9, 1.0, 4, 1.0): (0.711111111111111, 1.5) in 9.14s
495/675 (5, 1000, 0.1, 2, 6, 10.0, 10, 12, 0.0, 0.1, 0.9, 5.0, 4, 1.0): (0.777777777777778, 2.2) in 9.49s
496/675 (5, 1000, 0.1, 2, 6, 10.0, 10, 12, 0.001, 0.0, 0.5, 0.2, 4, 1.0): (0.6611111111111111, 2.0) in 8.66s
497/675 (5, 1000, 0.1, 2, 6, 10.0, 10, 12, 0.001, 0.0, 0.5, 1.0, 4, 1.0): (0.7111111111111109, 1.6) in 9.06s
498/675 (5, 1000, 0.1, 2, 6, 10.0, 10, 12, 0.001, 0.0, 0.5, 5.0, 4, 1.0): (0.6777777777777778, 1.3) in 9.45s
499/675 (5, 1000, 0.1, 2, 6, 10.0, 10, 12, 0.001, 0.0, 0.75, 0.2, 4, 1.0): (0.6555555555555556, 2.033333333333333) in 8.52s
500/675 (5, 1000, 0.1, 2, 6, 10.0, 10, 12, 0.001, 0.0, 0.75, 1.0, 4, 1.0): (0.7555555555555554, 1.9333333333333333) in 8.86s
501/675 (5, 1000, 0.1, 2, 6, 10.0, 10, 12, 0.001, 0.0, 0.75, 5.0, 4, 1.0): (0.7, 1.5333333333333334) in 9.31s
502/675 (5, 1000, 0.1, 2, 6, 10.0, 10, 12, 0.001, 0.0, 0.9, 0.2, 4, 1.0): (0.6777777777777778, 1.4333333333333333) in 8.72s
503/675 (5, 1000, 0.1, 2, 6, 10.0, 10, 12, 0.001, 0.0, 0.9, 1.0, 4, 1.0): (0.7, 1.6666666666666667) in 8.62s
504/675 (5, 1000, 0.1, 2, 6, 10.0, 10, 12, 0.001, 0.0, 0.9, 5.0, 4, 1.0): (0.7000000000000001, 1.4333333333333333) in 9.88s
505/675 (5, 1000, 0.1, 2, 6, 10.0, 10, 12, 0.001, 0.001, 0.5, 0.2, 4, 1.0): (0.6372549019607843, 1.6333333333333333) in 8.97s
506/675 (5, 1000, 0.1, 2, 6, 10.0, 10, 12, 0.001, 0.001, 0.5, 1.0, 4, 1.0): (0.7333333333333333, 1.6666666666666667) in 9.45s
507/675 (5, 1000, 0.1, 2, 6, 10.0, 10, 12, 0.001, 0.001, 0.5, 5.0, 4, 1.0): (0.6888888888888889, 1.2666666666666666) in 9.23s
508/675 (5, 1000, 0.1, 2, 6, 10.0, 10, 12, 0.001, 0.001, 0.75, 0.2, 4, 1.0): (0.6888888888888889, 1.8) in 8.55s
509/675 (5, 1000, 0.1, 2, 6, 10.0, 10, 12, 0.001, 0.001, 0.75, 1.0, 4, 1.0): (0.777777777777778, 2.433333333333333) in 8.97s
510/675 (5, 1000, 0.1, 2, 6, 10.0, 10, 12, 0.001, 0.001, 0.75, 5.0, 4, 1.0): (0.7444444444444447, 1.4666666666666666) in 9.30s
511/675 (5, 1000, 0.1, 2, 6, 10.0, 10, 12, 0.001, 0.001, 0.9, 0.2, 4, 1.0): (0.6666666666666666, 1.7333333333333334) in 8.92s
512/675 (5, 1000, 0.1, 2, 6, 10.0, 10, 12, 0.001, 0.001, 0.9, 1.0, 4, 1.0): (0.7666666666666669, 2.1333333333333333) in 8.76s
513/675 (5, 1000, 0.1, 2, 6, 10.0, 10, 12, 0.001, 0.001, 0.9, 5.0, 4, 1.0): (0.7222222222222222, 1.4333333333333333) in 8.73s
514/675 (5, 1000, 0.1, 2, 6, 10.0, 10, 12, 0.001, 0.01, 0.5, 0.2, 4, 1.0): (0.7111111111111111, 1.5333333333333334) in 9.08s
515/675 (5, 1000, 0.1, 2, 6, 10.0, 10, 12, 0.001, 0.01, 0.5, 1.0, 4, 1.0): (0.7888888888888891, 2.3666666666666667) in 12.76s
516/675 (5, 1000, 0.1, 2, 6, 10.0, 10, 12, 0.001, 0.01, 0.5, 5.0, 4, 1.0): (0.7666666666666669, 1.6) in 13.88s
517/675 (5, 1000, 0.1, 2, 6, 10.0, 10, 12, 0.001, 0.01, 0.75, 0.2, 4, 1.0): (0.7, 1.4333333333333333) in 8.87s
518/675 (5, 1000, 0.1, 2, 6, 10.0, 10, 12, 0.001, 0.01, 0.75, 1.0, 4, 1.0): (0.6777777777777778, 1.1) in 9.46s
519/675 (5, 1000, 0.1, 2, 6, 10.0, 10, 12, 0.001, 0.01, 0.75, 5.0, 4, 1.0): (0.7333333333333335, 1.6333333333333333) in 9.75s
520/675 (5, 1000, 0.1, 2, 6, 10.0, 10, 12, 0.001, 0.01, 0.9, 0.2, 4, 1.0): (0.711111111111111, 1.7) in 8.94s
521/675 (5, 1000, 0.1, 2, 6, 10.0, 10, 12, 0.001, 0.01, 0.9, 1.0, 4, 1.0): (0.7444444444444447, 1.5666666666666667) in 8.99s
522/675 (5, 1000, 0.1, 2, 6, 10.0, 10, 12, 0.001, 0.01, 0.9, 5.0, 4, 1.0): (0.7666666666666667, 1.7666666666666666) in 9.14s
523/675 (5, 1000, 0.1, 2, 6, 10.0, 10, 12, 0.001, 0.05, 0.5, 0.2, 4, 1.0): (0.6777777777777778, 1.1333333333333333) in 9.31s
524/675 (5, 1000, 0.1, 2, 6, 10.0, 10, 12, 0.001, 0.05, 0.5, 1.0, 4, 1.0): (0.7666666666666668, 1.8333333333333333) in 9.98s
525/675 (5, 1000, 0.1, 2, 6, 10.0, 10, 12, 0.001, 0.05, 0.5, 5.0, 4, 1.0): (0.7555555555555558, 1.7) in 14.20s
526/675 (5, 1000, 0.1, 2, 6, 10.0, 10, 12, 0.001, 0.05, 0.75, 0.2, 4, 1.0): (0.6777777777777778, 1.1666666666666667) in 9.58s
527/675 (5, 1000, 0.1, 2, 6, 10.0, 10, 12, 0.001, 0.05, 0.75, 1.0, 4, 1.0): (0.6822222222222223, 1.2) in 9.37s
528/675 (5, 1000, 0.1, 2, 6, 10.0, 10, 12, 0.001, 0.05, 0.75, 5.0, 4, 1.0): (0.8000000000000002, 1.9) in 12.30s
529/675 (5, 1000, 0.1, 2, 6, 10.0, 10, 12, 0.001, 0.05, 0.9, 0.2, 4, 1.0): (0.7, 1.3333333333333333) in 9.30s
530/675 (5, 1000, 0.1, 2, 6, 10.0, 10, 12, 0.001, 0.05, 0.9, 1.0, 4, 1.0): (0.7222222222222222, 1.6666666666666667) in 9.04s
531/675 (5, 1000, 0.1, 2, 6, 10.0, 10, 12, 0.001, 0.05, 0.9, 5.0, 4, 1.0): (0.7666666666666668, 1.8666666666666667) in 10.19s
532/675 (5, 1000, 0.1, 2, 6, 10.0, 10, 12, 0.001, 0.1, 0.5, 0.2, 4, 1.0): (0.6777777777777778, 1.1333333333333333) in 10.17s
533/675 (5, 1000, 0.1, 2, 6, 10.0, 10, 12, 0.001, 0.1, 0.5, 1.0, 4, 1.0): (0.7333333333333333, 1.8) in 10.04s
534/675 (5, 1000, 0.1, 2, 6, 10.0, 10, 12, 0.001, 0.1, 0.5, 5.0, 4, 1.0): (0.8222222222222223, 2.4) in 12.52s
535/675 (5, 1000, 0.1, 2, 6, 10.0, 10, 12, 0.001, 0.1, 0.75, 0.2, 4, 1.0): (0.6777777777777778, 1.0666666666666667) in 9.37s
536/675 (5, 1000, 0.1, 2, 6, 10.0, 10, 12, 0.001, 0.1, 0.75, 1.0, 4, 1.0): (0.7222222222222225, 1.5333333333333334) in 9.47s
537/675 (5, 1000, 0.1, 2, 6, 10.0, 10, 12, 0.001, 0.1, 0.75, 5.0, 4, 1.0): (0.7888888888888891, 2.1) in 12.40s
538/675 (5, 1000, 0.1, 2, 6, 10.0, 10, 12, 0.001, 0.1, 0.9, 0.2, 4, 1.0): (0.6777777777777778, 1.1333333333333333) in 9.35s
539/675 (5, 1000, 0.1, 2, 6, 10.0, 10, 12, 0.001, 0.1, 0.9, 1.0, 4, 1.0): (0.7444444444444446, 1.9333333333333333) in 9.51s
540/675 (5, 1000, 0.1, 2, 6, 10.0, 10, 12, 0.001, 0.1, 0.9, 5.0, 4, 1.0): (0.7555555555555559, 1.8333333333333333) in 9.81s
541/675 (5, 1000, 0.1, 2, 6, 10.0, 10, 12, 0.01, 0.0, 0.5, 0.2, 4, 1.0): (0.6777777777777778, 1.1666666666666667) in 11.42s
542/675 (5, 1000, 0.1, 2, 6, 10.0, 10, 12, 0.01, 0.0, 0.5, 1.0, 4, 1.0): (0.788888888888889, 2.3666666666666667) in 11.36s
543/675 (5, 1000, 0.1, 2, 6, 10.0, 10, 12, 0.01, 0.0, 0.5, 5.0, 4, 1.0): (0.7222222222222222, 1.3666666666666667) in 14.54s
544/675 (5, 1000, 0.1, 2, 6, 10.0, 10, 12, 0.01, 0.0, 0.75, 0.2, 4, 1.0): (0.6822222222222223, 1.1333333333333333) in 11.68s
545/675 (5, 1000, 0.1, 2, 6, 10.0, 10, 12, 0.01, 0.0, 0.75, 1.0, 4, 1.0): (0.7222222222222224, 1.6333333333333333) in 10.21s
546/675 (5, 1000, 0.1, 2, 6, 10.0, 10, 12, 0.01, 0.0, 0.75, 5.0, 4, 1.0): (0.7555555555555556, 1.5333333333333334) in 11.10s
547/675 (5, 1000, 0.1, 2, 6, 10.0, 10, 12, 0.01, 0.0, 0.9, 0.2, 4, 1.0): (0.7, 1.4333333333333333) in 10.67s
548/675 (5, 1000, 0.1, 2, 6, 10.0, 10, 12, 0.01, 0.0, 0.9, 1.0, 4, 1.0): (0.7555555555555558, 2.066666666666667) in 9.95s
549/675 (5, 1000, 0.1, 2, 6, 10.0, 10, 12, 0.01, 0.0, 0.9, 5.0, 4, 1.0): (0.7333333333333336, 1.5666666666666667) in 9.72s
550/675 (5, 1000, 0.1, 2, 6, 10.0, 10, 12, 0.01, 0.001, 0.5, 0.2, 4, 1.0): (0.7000000000000001, 1.3666666666666667) in 10.85s
551/675 (5, 1000, 0.1, 2, 6, 10.0, 10, 12, 0.01, 0.001, 0.5, 1.0, 4, 1.0): (0.711111111111111, 1.3) in 10.11s
552/675 (5, 1000, 0.1, 2, 6, 10.0, 10, 12, 0.01, 0.001, 0.5, 5.0, 4, 1.0): (0.7333333333333333, 1.4) in 11.45s
553/675 (5, 1000, 0.1, 2, 6, 10.0, 10, 12, 0.01, 0.001, 0.75, 0.2, 4, 1.0): (0.6666666666666666, 1.0) in 10.46s
554/675 (5, 1000, 0.1, 2, 6, 10.0, 10, 12, 0.01, 0.001, 0.75, 1.0, 4, 1.0): (0.7444444444444447, 1.6333333333333333) in 10.89s
555/675 (5, 1000, 0.1, 2, 6, 10.0, 10, 12, 0.01, 0.001, 0.75, 5.0, 4, 1.0): (0.7377777777777778, 1.5333333333333334) in 10.18s
556/675 (5, 1000, 0.1, 2, 6, 10.0, 10, 12, 0.01, 0.001, 0.9, 0.2, 4, 1.0): (0.6888888888888889, 1.3) in 10.59s
557/675 (5, 1000, 0.1, 2, 6, 10.0, 10, 12, 0.01, 0.001, 0.9, 1.0, 4, 1.0): (0.7333333333333333, 1.6666666666666667) in 10.96s
558/675 (5, 1000, 0.1, 2, 6, 10.0, 10, 12, 0.01, 0.001, 0.9, 5.0, 4, 1.0): (0.7333333333333335, 1.6333333333333333) in 9.93s
559/675 (5, 1000, 0.1, 2, 6, 10.0, 10, 12, 0.01, 0.01, 0.5, 0.2, 4, 1.0): (0.7222222222222222, 1.6666666666666667) in 11.36s
560/675 (5, 1000, 0.1, 2, 6, 10.0, 10, 12, 0.01, 0.01, 0.5, 1.0, 4, 1.0): (0.8000000000000002, 2.3) in 11.25s
561/675 (5, 1000, 0.1, 2, 6, 10.0, 10, 12, 0.01, 0.01, 0.5, 5.0, 4, 1.0): (0.7222222222222222, 1.3333333333333333) in 16.92s
562/675 (5, 1000, 0.1, 2, 6, 10.0, 10, 12, 0.01, 0.01, 0.75, 0.2, 4, 1.0): (0.6777777777777777, 1.1333333333333333) in 10.99s
563/675 (5, 1000, 0.1, 2, 6, 10.0, 10, 12, 0.01, 0.01, 0.75, 1.0, 4, 1.0): (0.7333333333333333, 1.7) in 9.92s
564/675 (5, 1000, 0.1, 2, 6, 10.0, 10, 12, 0.01, 0.01, 0.75, 5.0, 4, 1.0): (0.7333333333333333, 1.5333333333333334) in 13.14s
565/675 (5, 1000, 0.1, 2, 6, 10.0, 10, 12, 0.01, 0.01, 0.9, 0.2, 4, 1.0): (0.6777777777777778, 1.0666666666666667) in 11.16s
566/675 (5, 1000, 0.1, 2, 6, 10.0, 10, 12, 0.01, 0.01, 0.9, 1.0, 4, 1.0): (0.7444444444444447, 2.0) in 9.95s
567/675 (5, 1000, 0.1, 2, 6, 10.0, 10, 12, 0.01, 0.01, 0.9, 5.0, 4, 1.0): (0.7777777777777779, 1.8333333333333333) in 10.72s
568/675 (5, 1000, 0.1, 2, 6, 10.0, 10, 12, 0.01, 0.05, 0.5, 0.2, 4, 1.0): (0.7111111111111114, 1.2666666666666666) in 13.56s
569/675 (5, 1000, 0.1, 2, 6, 10.0, 10, 12, 0.01, 0.05, 0.5, 1.0, 4, 1.0): (0.7444444444444446, 1.7666666666666666) in 10.90s
570/675 (5, 1000, 0.1, 2, 6, 10.0, 10, 12, 0.01, 0.05, 0.5, 5.0, 4, 1.0): (0.7777777777777779, 1.9) in 12.66s
571/675 (5, 1000, 0.1, 2, 6, 10.0, 10, 12, 0.01, 0.05, 0.75, 0.2, 4, 1.0): (0.7222222222222222, 1.7333333333333334) in 13.28s
572/675 (5, 1000, 0.1, 2, 6, 10.0, 10, 12, 0.01, 0.05, 0.75, 1.0, 4, 1.0): (0.7333333333333336, 1.7333333333333334) in 10.88s
573/675 (5, 1000, 0.1, 2, 6, 10.0, 10, 12, 0.01, 0.05, 0.75, 5.0, 4, 1.0): (0.7777777777777778, 2.0) in 10.26s
574/675 (5, 1000, 0.1, 2, 6, 10.0, 10, 12, 0.01, 0.05, 0.9, 0.2, 4, 1.0): (0.6666666666666666, 1.0) in 13.22s
575/675 (5, 1000, 0.1, 2, 6, 10.0, 10, 12, 0.01, 0.05, 0.9, 1.0, 4, 1.0): (0.8000000000000002, 2.533333333333333) in 11.04s
576/675 (5, 1000, 0.1, 2, 6, 10.0, 10, 12, 0.01, 0.05, 0.9, 5.0, 4, 1.0): (0.7666666666666668, 2.1) in 10.09s
577/675 (5, 1000, 0.1, 2, 6, 10.0, 10, 12, 0.01, 0.1, 0.5, 0.2, 4, 1.0): (0.7444444444444446, 1.7333333333333334) in 16.98s
578/675 (5, 1000, 0.1, 2, 6, 10.0, 10, 12, 0.01, 0.1, 0.5, 1.0, 4, 1.0): (0.7333333333333335, 1.5) in 11.71s
579/675 (5, 1000, 0.1, 2, 6, 10.0, 10, 12, 0.01, 0.1, 0.5, 5.0, 4, 1.0): (0.7555555555555559, 1.6666666666666667) in 12.58s
580/675 (5, 1000, 0.1, 2, 6, 10.0, 10, 12, 0.01, 0.1, 0.75, 0.2, 4, 1.0): (0.6888888888888889, 1.3666666666666667) in 15.56s
581/675 (5, 1000, 0.1, 2, 6, 10.0, 10, 12, 0.01, 0.1, 0.75, 1.0, 4, 1.0): (0.7111111111111111, 1.4333333333333333) in 11.53s
582/675 (5, 1000, 0.1, 2, 6, 10.0, 10, 12, 0.01, 0.1, 0.75, 5.0, 4, 1.0): (0.8, 2.566666666666667) in 10.74s
583/675 (5, 1000, 0.1, 2, 6, 10.0, 10, 12, 0.01, 0.1, 0.9, 0.2, 4, 1.0): (0.7111111111111111, 1.4666666666666666) in 15.49s
584/675 (5, 1000, 0.1, 2, 6, 10.0, 10, 12, 0.01, 0.1, 0.9, 1.0, 4, 1.0): (0.7333333333333335, 1.9) in 11.30s
585/675 (5, 1000, 0.1, 2, 6, 10.0, 10, 12, 0.01, 0.1, 0.9, 5.0, 4, 1.0): (0.777777777777778, 1.9666666666666666) in 12.13s
586/675 (5, 1000, 0.1, 2, 6, 10.0, 10, 12, 0.02, 0.0, 0.5, 0.2, 4, 1.0): (0.7222222222222224, 1.6666666666666667) in 13.71s
587/675 (5, 1000, 0.1, 2, 6, 10.0, 10, 12, 0.02, 0.0, 0.5, 1.0, 4, 1.0): (0.7444444444444447, 1.8) in 13.14s
588/675 (5, 1000, 0.1, 2, 6, 10.0, 10, 12, 0.02, 0.0, 0.5, 5.0, 4, 1.0): (0.7333333333333333, 1.5333333333333334) in 14.43s
589/675 (5, 1000, 0.1, 2, 6, 10.0, 10, 12, 0.02, 0.0, 0.75, 0.2, 4, 1.0): (0.7044444444444444, 1.4333333333333333) in 13.13s
590/675 (5, 1000, 0.1, 2, 6, 10.0, 10, 12, 0.02, 0.0, 0.75, 1.0, 4, 1.0): (0.7222222222222222, 1.7333333333333334) in 11.07s
591/675 (5, 1000, 0.1, 2, 6, 10.0, 10, 12, 0.02, 0.0, 0.75, 5.0, 4, 1.0): (0.7444444444444444, 1.4666666666666666) in 12.19s
592/675 (5, 1000, 0.1, 2, 6, 10.0, 10, 12, 0.02, 0.0, 0.9, 0.2, 4, 1.0): (0.711111111111111, 1.3333333333333333) in 13.31s
593/675 (5, 1000, 0.1, 2, 6, 10.0, 10, 12, 0.02, 0.0, 0.9, 1.0, 4, 1.0): (0.7777777777777779, 2.6) in 11.06s
594/675 (5, 1000, 0.1, 2, 6, 10.0, 10, 12, 0.02, 0.0, 0.9, 5.0, 4, 1.0): (0.7666666666666667, 1.6333333333333333) in 11.34s
595/675 (5, 1000, 0.1, 2, 6, 10.0, 10, 12, 0.02, 0.001, 0.5, 0.2, 4, 1.0): (0.7222222222222222, 1.4666666666666666) in 13.64s
596/675 (5, 1000, 0.1, 2, 6, 10.0, 10, 12, 0.02, 0.001, 0.5, 1.0, 4, 1.0): (0.7333333333333335, 1.5666666666666667) in 12.26s
597/675 (5, 1000, 0.1, 2, 6, 10.0, 10, 12, 0.02, 0.001, 0.5, 5.0, 4, 1.0): (0.7333333333333333, 1.5333333333333334) in 12.71s
598/675 (5, 1000, 0.1, 2, 6, 10.0, 10, 12, 0.02, 0.001, 0.75, 0.2, 4, 1.0): (0.7111111111111111, 1.3666666666666667) in 13.52s
599/675 (5, 1000, 0.1, 2, 6, 10.0, 10, 12, 0.02, 0.001, 0.75, 1.0, 4, 1.0): (0.7555555555555558, 1.8333333333333333) in 11.34s
600/675 (5, 1000, 0.1, 2, 6, 10.0, 10, 12, 0.02, 0.001, 0.75, 5.0, 4, 1.0): (0.7000000000000001, 1.2666666666666666) in 11.11s
601/675 (5, 1000, 0.1, 2, 6, 10.0, 10, 12, 0.02, 0.001, 0.9, 0.2, 4, 1.0): (0.7044444444444444, 1.4) in 13.04s
602/675 (5, 1000, 0.1, 2, 6, 10.0, 10, 12, 0.02, 0.001, 0.9, 1.0, 4, 1.0): (0.7333333333333333, 1.6666666666666667) in 12.07s
603/675 (5, 1000, 0.1, 2, 6, 10.0, 10, 12, 0.02, 0.001, 0.9, 5.0, 4, 1.0): (0.7666666666666668, 1.6666666666666667) in 14.77s
604/675 (5, 1000, 0.1, 2, 6, 10.0, 10, 12, 0.02, 0.01, 0.5, 0.2, 4, 1.0): (0.737777777777778, 1.5333333333333334) in 14.32s
605/675 (5, 1000, 0.1, 2, 6, 10.0, 10, 12, 0.02, 0.01, 0.5, 1.0, 4, 1.0): (0.7333333333333335, 1.5666666666666667) in 11.81s
606/675 (5, 1000, 0.1, 2, 6, 10.0, 10, 12, 0.02, 0.01, 0.5, 5.0, 4, 1.0): (0.7600000000000002, 1.7) in 17.24s
607/675 (5, 1000, 0.1, 2, 6, 10.0, 10, 12, 0.02, 0.01, 0.75, 0.2, 4, 1.0): (0.7333333333333333, 1.5) in 14.29s
608/675 (5, 1000, 0.1, 2, 6, 10.0, 10, 12, 0.02, 0.01, 0.75, 1.0, 4, 1.0): (0.7777777777777778, 2.1333333333333333) in 11.53s
609/675 (5, 1000, 0.1, 2, 6, 10.0, 10, 12, 0.02, 0.01, 0.75, 5.0, 4, 1.0): (0.7333333333333333, 1.4666666666666666) in 11.45s
610/675 (5, 1000, 0.1, 2, 6, 10.0, 10, 12, 0.02, 0.01, 0.9, 0.2, 4, 1.0): (0.7266666666666667, 1.4) in 13.83s
611/675 (5, 1000, 0.1, 2, 6, 10.0, 10, 12, 0.02, 0.01, 0.9, 1.0, 4, 1.0): (0.7444444444444444, 1.6666666666666667) in 11.79s
612/675 (5, 1000, 0.1, 2, 6, 10.0, 10, 12, 0.02, 0.01, 0.9, 5.0, 4, 1.0): (0.7555555555555559, 1.7333333333333334) in 11.01s
613/675 (5, 1000, 0.1, 2, 6, 10.0, 10, 12, 0.02, 0.05, 0.5, 0.2, 4, 1.0): (0.7222222222222221, 1.4) in 18.22s
614/675 (5, 1000, 0.1, 2, 6, 10.0, 10, 12, 0.02, 0.05, 0.5, 1.0, 4, 1.0): (0.7555555555555556, 1.8666666666666667) in 13.04s
615/675 (5, 1000, 0.1, 2, 6, 10.0, 10, 12, 0.02, 0.05, 0.5, 5.0, 4, 1.0): (0.7666666666666668, 1.9333333333333333) in 25.10s
616/675 (5, 1000, 0.1, 2, 6, 10.0, 10, 12, 0.02, 0.05, 0.75, 0.2, 4, 1.0): (0.6822222222222223, 1.2) in 17.90s
617/675 (5, 1000, 0.1, 2, 6, 10.0, 10, 12, 0.02, 0.05, 0.75, 1.0, 4, 1.0): (0.7555555555555556, 1.9) in 12.33s
618/675 (5, 1000, 0.1, 2, 6, 10.0, 10, 12, 0.02, 0.05, 0.75, 5.0, 4, 1.0): (0.788888888888889, 2.066666666666667) in 11.44s
619/675 (5, 1000, 0.1, 2, 6, 10.0, 10, 12, 0.02, 0.05, 0.9, 0.2, 4, 1.0): (0.7, 1.4666666666666666) in 17.46s
620/675 (5, 1000, 0.1, 2, 6, 10.0, 10, 12, 0.02, 0.05, 0.9, 1.0, 4, 1.0): (0.7000000000000001, 1.4333333333333333) in 12.48s
621/675 (5, 1000, 0.1, 2, 6, 10.0, 10, 12, 0.02, 0.05, 0.9, 5.0, 4, 1.0): (0.7444444444444447, 1.8) in 11.37s
622/675 (5, 1000, 0.1, 2, 6, 10.0, 10, 12, 0.02, 0.1, 0.5, 0.2, 4, 1.0): (0.7222222222222224, 1.4) in 22.81s
623/675 (5, 1000, 0.1, 2, 6, 10.0, 10, 12, 0.02, 0.1, 0.5, 1.0, 4, 1.0): (0.7666666666666669, 1.9333333333333333) in 14.01s
624/675 (5, 1000, 0.1, 2, 6, 10.0, 10, 12, 0.02, 0.1, 0.5, 5.0, 4, 1.0): (0.8000000000000002, 2.1666666666666665) in 12.35s
625/675 (5, 1000, 0.1, 2, 6, 10.0, 10, 12, 0.02, 0.1, 0.75, 0.2, 4, 1.0): (0.6777777777777778, 1.1333333333333333) in 20.62s
626/675 (5, 1000, 0.1, 2, 6, 10.0, 10, 12, 0.02, 0.1, 0.75, 1.0, 4, 1.0): (0.76, 2.1666666666666665) in 13.03s
627/675 (5, 1000, 0.1, 2, 6, 10.0, 10, 12, 0.02, 0.1, 0.75, 5.0, 4, 1.0): (0.8111111111111112, 2.1333333333333333) in 11.82s
628/675 (5, 1000, 0.1, 2, 6, 10.0, 10, 12, 0.02, 0.1, 0.9, 0.2, 4, 1.0): (0.7, 1.3333333333333333) in 20.19s
629/675 (5, 1000, 0.1, 2, 6, 10.0, 10, 12, 0.02, 0.1, 0.9, 1.0, 4, 1.0): (0.7222222222222222, 1.5) in 12.67s
630/675 (5, 1000, 0.1, 2, 6, 10.0, 10, 12, 0.02, 0.1, 0.9, 5.0, 4, 1.0): (0.8000000000000002, 2.1333333333333333) in 11.43s
631/675 (5, 1000, 0.1, 2, 6, 10.0, 10, 12, 0.05, 0.0, 0.5, 0.2, 4, 1.0): (0.8444444444444446, 2.1) in 24.98s
632/675 (5, 1000, 0.1, 2, 6, 10.0, 10, 12, 0.05, 0.0, 0.5, 1.0, 4, 1.0): (0.8000000000000002, 2.2) in 16.12s
633/675 (5, 1000, 0.1, 2, 6, 10.0, 10, 12, 0.05, 0.0, 0.5, 5.0, 4, 1.0): (0.7333333333333333, 1.4333333333333333) in 16.56s
634/675 (5, 1000, 0.1, 2, 6, 10.0, 10, 12, 0.05, 0.0, 0.75, 0.2, 4, 1.0): (0.7711111111111113, 1.7666666666666666) in 24.34s
635/675 (5, 1000, 0.1, 2, 6, 10.0, 10, 12, 0.05, 0.0, 0.75, 1.0, 4, 1.0): (0.7555555555555556, 1.7666666666666666) in 16.43s
636/675 (5, 1000, 0.1, 2, 6, 10.0, 10, 12, 0.05, 0.0, 0.75, 5.0, 4, 1.0): (0.7333333333333333, 1.5333333333333334) in 16.34s
637/675 (5, 1000, 0.1, 2, 6, 10.0, 10, 12, 0.05, 0.0, 0.9, 0.2, 4, 1.0): (0.7822222222222223, 1.9) in 23.78s
638/675 (5, 1000, 0.1, 2, 6, 10.0, 10, 12, 0.05, 0.0, 0.9, 1.0, 4, 1.0): (0.8222222222222224, 2.466666666666667) in 16.14s
639/675 (5, 1000, 0.1, 2, 6, 10.0, 10, 12, 0.05, 0.0, 0.9, 5.0, 4, 1.0): (0.7666666666666668, 1.8333333333333333) in 14.11s
640/675 (5, 1000, 0.1, 2, 6, 10.0, 10, 12, 0.05, 0.001, 0.5, 0.2, 4, 1.0): (0.7666666666666668, 1.6333333333333333) in 25.69s
641/675 (5, 1000, 0.1, 2, 6, 10.0, 10, 12, 0.05, 0.001, 0.5, 1.0, 4, 1.0): (0.8444444444444448, 2.533333333333333) in 16.53s
642/675 (5, 1000, 0.1, 2, 6, 10.0, 10, 12, 0.05, 0.001, 0.5, 5.0, 4, 1.0): (0.7222222222222222, 1.4666666666666666) in 17.24s
643/675 (5, 1000, 0.1, 2, 6, 10.0, 10, 12, 0.05, 0.001, 0.75, 0.2, 4, 1.0): (0.7777777777777781, 1.9666666666666666) in 24.18s
644/675 (5, 1000, 0.1, 2, 6, 10.0, 10, 12, 0.05, 0.001, 0.75, 1.0, 4, 1.0): (0.8222222222222223, 2.466666666666667) in 17.47s
645/675 (5, 1000, 0.1, 2, 6, 10.0, 10, 12, 0.05, 0.001, 0.75, 5.0, 4, 1.0): (0.711111111111111, 1.3) in 15.08s
646/675 (5, 1000, 0.1, 2, 6, 10.0, 10, 12, 0.05, 0.001, 0.9, 0.2, 4, 1.0): (0.7666666666666668, 1.7333333333333334) in 22.98s
647/675 (5, 1000, 0.1, 2, 6, 10.0, 10, 12, 0.05, 0.001, 0.9, 1.0, 4, 1.0): (0.8000000000000002, 2.1666666666666665) in 15.42s
648/675 (5, 1000, 0.1, 2, 6, 10.0, 10, 12, 0.05, 0.001, 0.9, 5.0, 4, 1.0): (0.7666666666666669, 1.9) in 13.77s
649/675 (5, 1000, 0.1, 2, 6, 10.0, 10, 12, 0.05, 0.01, 0.5, 0.2, 4, 1.0): (0.7933333333333334, 2.033333333333333) in 26.28s
650/675 (5, 1000, 0.1, 2, 6, 10.0, 10, 12, 0.05, 0.01, 0.5, 1.0, 4, 1.0): (0.8488888888888889, 2.6666666666666665) in 17.21s
651/675 (5, 1000, 0.1, 2, 6, 10.0, 10, 12, 0.05, 0.01, 0.5, 5.0, 4, 1.0): (0.777777777777778, 1.7333333333333334) in 24.55s
652/675 (5, 1000, 0.1, 2, 6, 10.0, 10, 12, 0.05, 0.01, 0.75, 0.2, 4, 1.0): (0.7555555555555556, 1.5666666666666667) in 24.75s
653/675 (5, 1000, 0.1, 2, 6, 10.0, 10, 12, 0.05, 0.01, 0.75, 1.0, 4, 1.0): (0.7822222222222224, 2.0) in 16.19s
654/675 (5, 1000, 0.1, 2, 6, 10.0, 10, 12, 0.05, 0.01, 0.75, 5.0, 4, 1.0): (0.777777777777778, 1.7666666666666666) in 16.01s
655/675 (5, 1000, 0.1, 2, 6, 10.0, 10, 12, 0.05, 0.01, 0.9, 0.2, 4, 1.0): (0.777777777777778, 1.9) in 24.21s
656/675 (5, 1000, 0.1, 2, 6, 10.0, 10, 12, 0.05, 0.01, 0.9, 1.0, 4, 1.0): (0.8333333333333335, 2.6333333333333333) in 16.19s
657/675 (5, 1000, 0.1, 2, 6, 10.0, 10, 12, 0.05, 0.01, 0.9, 5.0, 4, 1.0): (0.7666666666666667, 1.9) in 14.02s
658/675 (5, 1000, 0.1, 2, 6, 10.0, 10, 12, 0.05, 0.05, 0.5, 0.2, 4, 1.0): (0.8111111111111113, 2.1333333333333333) in 31.84s
659/675 (5, 1000, 0.1, 2, 6, 10.0, 10, 12, 0.05, 0.05, 0.5, 1.0, 4, 1.0): (0.8266666666666668, 2.566666666666667) in 18.92s
660/675 (5, 1000, 0.1, 2, 6, 10.0, 10, 12, 0.05, 0.05, 0.5, 5.0, 4, 1.0): (0.7555555555555558, 1.6666666666666667) in 22.95s
661/675 (5, 1000, 0.1, 2, 6, 10.0, 10, 12, 0.05, 0.05, 0.75, 0.2, 4, 1.0): (0.7600000000000002, 1.6333333333333333) in 29.41s
662/675 (5, 1000, 0.1, 2, 6, 10.0, 10, 12, 0.05, 0.05, 0.75, 1.0, 4, 1.0): (0.7666666666666668, 1.6333333333333333) in 18.12s
663/675 (5, 1000, 0.1, 2, 6, 10.0, 10, 12, 0.05, 0.05, 0.75, 5.0, 4, 1.0): (0.8000000000000002, 1.8666666666666667) in 15.97s
664/675 (5, 1000, 0.1, 2, 6, 10.0, 10, 12, 0.05, 0.05, 0.9, 0.2, 4, 1.0): (0.7555555555555558, 1.6333333333333333) in 28.65s
665/675 (5, 1000, 0.1, 2, 6, 10.0, 10, 12, 0.05, 0.05, 0.9, 1.0, 4, 1.0): (0.7888888888888891, 2.1666666666666665) in 18.07s
666/675 (5, 1000, 0.1, 2, 6, 10.0, 10, 12, 0.05, 0.05, 0.9, 5.0, 4, 1.0): (0.7444444444444447, 1.6333333333333333) in 14.67s
667/675 (5, 1000, 0.1, 2, 6, 10.0, 10, 12, 0.05, 0.1, 0.5, 0.2, 4, 1.0): (0.737777777777778, 1.5666666666666667) in 38.05s
668/675 (5, 1000, 0.1, 2, 6, 10.0, 10, 12, 0.05, 0.1, 0.5, 1.0, 4, 1.0): (0.8222222222222224, 2.1666666666666665) in 20.53s
669/675 (5, 1000, 0.1, 2, 6, 10.0, 10, 12, 0.05, 0.1, 0.5, 5.0, 4, 1.0): (0.7555555555555556, 1.6) in 16.20s
670/675 (5, 1000, 0.1, 2, 6, 10.0, 10, 12, 0.05, 0.1, 0.75, 0.2, 4, 1.0): (0.7222222222222224, 1.4) in 33.77s
671/675 (5, 1000, 0.1, 2, 6, 10.0, 10, 12, 0.05, 0.1, 0.75, 1.0, 4, 1.0): (0.7444444444444444, 1.5666666666666667) in 19.98s
672/675 (5, 1000, 0.1, 2, 6, 10.0, 10, 12, 0.05, 0.1, 0.75, 5.0, 4, 1.0): (0.8333333333333335, 2.466666666666667) in 14.81s
673/675 (5, 1000, 0.1, 2, 6, 10.0, 10, 12, 0.05, 0.1, 0.9, 0.2, 4, 1.0): (0.7000000000000001, 1.2333333333333334) in 32.28s
674/675 (5, 1000, 0.1, 2, 6, 10.0, 10, 12, 0.05, 0.1, 0.9, 1.0, 4, 1.0): (0.8044444444444445, 2.2) in 20.07s
675/675 (5, 1000, 0.1, 2, 6, 10.0, 10, 12, 0.05, 0.1, 0.9, 5.0, 4, 1.0): (0.7777777777777779, 2.0) in 14.56s

best: (0.8555555555555558, 2.7666666666666666)
{'crossover_size_proportion': 0.5,
 'depth_softener': 10.0,
 'generations': 1000,
 'individuals_per_method_and_depth': 5,
 'max_depth': 12,
 'max_gen_depth': 6,
 'max_program_runtime_ms': 10,
 'min_gen_depth': 2,
 'mutation_chance': 0.0,
 'mutation_single_chance': 0.05,
 'p_grow_leaf': 0.1,
 'selection_method': 'FitnessWeighted',
 'selection_pressure': 5.0,
 'tournament_p': 1.0,
 'tournament_size': 4}
