applying method: fitness_weighted
1/675 (5, 1000, 0.1, 2, 6, 1.0, 10, 12, 0.0, 0.0, 0.5, 0.2, 4, 1.0): (0.39555555555555577, 1.7) in 9.33s
2/675 (5, 1000, 0.1, 2, 6, 1.0, 10, 12, 0.0, 0.0, 0.5, 1.0, 4, 1.0): (0.4311111111111112, 1.5333333333333334) in 10.20s
3/675 (5, 1000, 0.1, 2, 6, 1.0, 10, 12, 0.0, 0.0, 0.5, 5.0, 4, 1.0): (0.47777777777777797, 1.4666666666666666) in 10.52s
4/675 (5, 1000, 0.1, 2, 6, 1.0, 10, 12, 0.0, 0.0, 0.75, 0.2, 4, 1.0): (0.41777777777777797, 1.8) in 9.94s
5/675 (5, 1000, 0.1, 2, 6, 1.0, 10, 12, 0.0, 0.0, 0.75, 1.0, 4, 1.0): (0.4222222222222224, 1.5333333333333334) in 10.29s
6/675 (5, 1000, 0.1, 2, 6, 1.0, 10, 12, 0.0, 0.0, 0.75, 5.0, 4, 1.0): (0.5038095238095239, 1.7666666666666666) in 11.28s
7/675 (5, 1000, 0.1, 2, 6, 1.0, 10, 12, 0.0, 0.0, 0.9, 0.2, 4, 1.0): (0.3866666666666668, 1.8) in 10.46s
8/675 (5, 1000, 0.1, 2, 6, 1.0, 10, 12, 0.0, 0.0, 0.9, 1.0, 4, 1.0): (0.40000000000000013, 1.5666666666666667) in 10.77s
9/675 (5, 1000, 0.1, 2, 6, 1.0, 10, 12, 0.0, 0.0, 0.9, 5.0, 4, 1.0): (0.4660317460317462, 1.5333333333333334) in 11.11s
10/675 (5, 1000, 0.1, 2, 6, 1.0, 10, 12, 0.0, 0.001, 0.5, 0.2, 4, 1.0): (0.4101587301587303, 1.7333333333333334) in 11.31s
11/675 (5, 1000, 0.1, 2, 6, 1.0, 10, 12, 0.0, 0.001, 0.5, 1.0, 4, 1.0): (0.43555555555555564, 1.3666666666666667) in 10.67s
12/675 (5, 1000, 0.1, 2, 6, 1.0, 10, 12, 0.0, 0.001, 0.5, 5.0, 4, 1.0): (0.42666666666666686, 1.2666666666666666) in 10.58s
13/675 (5, 1000, 0.1, 2, 6, 1.0, 10, 12, 0.0, 0.001, 0.75, 0.2, 4, 1.0): (0.4177777777777779, 1.4) in 11.05s
14/675 (5, 1000, 0.1, 2, 6, 1.0, 10, 12, 0.0, 0.001, 0.75, 1.0, 4, 1.0): (0.43555555555555575, 1.5666666666666667) in 10.55s
15/675 (5, 1000, 0.1, 2, 6, 1.0, 10, 12, 0.0, 0.001, 0.75, 5.0, 4, 1.0): (0.43968253968253984, 1.5) in 10.28s
16/675 (5, 1000, 0.1, 2, 6, 1.0, 10, 12, 0.0, 0.001, 0.9, 0.2, 4, 1.0): (0.3911111111111113, 2.066666666666667) in 10.76s
17/675 (5, 1000, 0.1, 2, 6, 1.0, 10, 12, 0.0, 0.001, 0.9, 1.0, 4, 1.0): (0.42666666666666686, 1.4) in 10.31s
18/675 (5, 1000, 0.1, 2, 6, 1.0, 10, 12, 0.0, 0.001, 0.9, 5.0, 4, 1.0): (0.5396825396825398, 1.9666666666666666) in 11.95s
19/675 (5, 1000, 0.1, 2, 6, 1.0, 10, 12, 0.0, 0.01, 0.5, 0.2, 4, 1.0): (0.41460317460317475, 1.3333333333333333) in 10.55s
20/675 (5, 1000, 0.1, 2, 6, 1.0, 10, 12, 0.0, 0.01, 0.5, 1.0, 4, 1.0): (0.48380952380952386, 1.9666666666666666) in 12.11s
21/675 (5, 1000, 0.1, 2, 6, 1.0, 10, 12, 0.0, 0.01, 0.5, 5.0, 4, 1.0): (0.4841269841269843, 1.5333333333333334) in 41.00s
22/675 (5, 1000, 0.1, 2, 6, 1.0, 10, 12, 0.0, 0.01, 0.75, 0.2, 4, 1.0): (0.4088888888888891, 1.1333333333333333) in 9.95s
23/675 (5, 1000, 0.1, 2, 6, 1.0, 10, 12, 0.0, 0.01, 0.75, 1.0, 4, 1.0): (0.42666666666666686, 1.2666666666666666) in 10.55s
24/675 (5, 1000, 0.1, 2, 6, 1.0, 10, 12, 0.0, 0.01, 0.75, 5.0, 4, 1.0): (0.49492063492063504, 1.7333333333333334) in 10.81s
25/675 (5, 1000, 0.1, 2, 6, 1.0, 10, 12, 0.0, 0.01, 0.9, 0.2, 4, 1.0): (0.4088888888888891, 1.1666666666666667) in 10.55s
26/675 (5, 1000, 0.1, 2, 6, 1.0, 10, 12, 0.0, 0.01, 0.9, 1.0, 4, 1.0): (0.4533333333333334, 1.6333333333333333) in 10.70s
27/675 (5, 1000, 0.1, 2, 6, 1.0, 10, 12, 0.0, 0.01, 0.9, 5.0, 4, 1.0): (0.48222222222222233, 1.7333333333333334) in 10.88s
28/675 (5, 1000, 0.1, 2, 6, 1.0, 10, 12, 0.0, 0.05, 0.5, 0.2, 4, 1.0): (0.4088888888888891, 1.1333333333333333) in 11.80s
29/675 (5, 1000, 0.1, 2, 6, 1.0, 10, 12, 0.0, 0.05, 0.5, 1.0, 4, 1.0): (0.4711111111111112, 1.7) in 11.04s
30/675 (5, 1000, 0.1, 2, 6, 1.0, 10, 12, 0.0, 0.05, 0.5, 5.0, 4, 1.0): (0.4911111111111112, 1.6666666666666667) in 15.11s
31/675 (5, 1000, 0.1, 2, 6, 1.0, 10, 12, 0.0, 0.05, 0.75, 0.2, 4, 1.0): (0.4088888888888891, 1.1333333333333333) in 10.81s
32/675 (5, 1000, 0.1, 2, 6, 1.0, 10, 12, 0.0, 0.05, 0.75, 1.0, 4, 1.0): (0.4533333333333335, 1.6) in 11.16s
33/675 (5, 1000, 0.1, 2, 6, 1.0, 10, 12, 0.0, 0.05, 0.75, 5.0, 4, 1.0): (0.47079365079365093, 1.5333333333333334) in 15.59s
34/675 (5, 1000, 0.1, 2, 6, 1.0, 10, 12, 0.0, 0.05, 0.9, 0.2, 4, 1.0): (0.4000000000000002, 1.0333333333333334) in 10.89s
35/675 (5, 1000, 0.1, 2, 6, 1.0, 10, 12, 0.0, 0.05, 0.9, 1.0, 4, 1.0): (0.43555555555555575, 1.3333333333333333) in 10.85s
36/675 (5, 1000, 0.1, 2, 6, 1.0, 10, 12, 0.0, 0.05, 0.9, 5.0, 4, 1.0): (0.44190476190476213, 1.4) in 13.41s
37/675 (5, 1000, 0.1, 2, 6, 1.0, 10, 12, 0.0, 0.1, 0.5, 0.2, 4, 1.0): (0.4000000000000002, 1.0) in 11.57s
38/675 (5, 1000, 0.1, 2, 6, 1.0, 10, 12, 0.0, 0.1, 0.5, 1.0, 4, 1.0): (0.4088888888888891, 1.1) in 12.02s
39/675 (5, 1000, 0.1, 2, 6, 1.0, 10, 12, 0.0, 0.1, 0.5, 5.0, 4, 1.0): (0.5231746031746033, 1.9) in 27.81s
40/675 (5, 1000, 0.1, 2, 6, 1.0, 10, 12, 0.0, 0.1, 0.75, 0.2, 4, 1.0): (0.4088888888888891, 1.0666666666666667) in 11.37s
41/675 (5, 1000, 0.1, 2, 6, 1.0, 10, 12, 0.0, 0.1, 0.75, 1.0, 4, 1.0): (0.4323809523809526, 1.3666666666666667) in 11.09s
42/675 (5, 1000, 0.1, 2, 6, 1.0, 10, 12, 0.0, 0.1, 0.75, 5.0, 4, 1.0): (0.46222222222222226, 1.7666666666666666) in 11.03s
43/675 (5, 1000, 0.1, 2, 6, 1.0, 10, 12, 0.0, 0.1, 0.9, 0.2, 4, 1.0): (0.4000000000000002, 1.0) in 11.31s
44/675 (5, 1000, 0.1, 2, 6, 1.0, 10, 12, 0.0, 0.1, 0.9, 1.0, 4, 1.0): (0.417777777777778, 1.2) in 11.39s
45/675 (5, 1000, 0.1, 2, 6, 1.0, 10, 12, 0.0, 0.1, 0.9, 5.0, 4, 1.0): (0.4444444444444446, 1.4) in 11.32s
46/675 (5, 1000, 0.1, 2, 6, 1.0, 10, 12, 0.001, 0.0, 0.5, 0.2, 4, 1.0): (0.40444444444444466, 1.7666666666666666) in 10.35s
47/675 (5, 1000, 0.1, 2, 6, 1.0, 10, 12, 0.001, 0.0, 0.5, 1.0, 4, 1.0): (0.4222222222222224, 1.5666666666666667) in 40.84s
48/675 (5, 1000, 0.1, 2, 6, 1.0, 10, 12, 0.001, 0.0, 0.5, 5.0, 4, 1.0): (0.4641269841269843, 1.6) in 15.44s
49/675 (5, 1000, 0.1, 2, 6, 1.0, 10, 12, 0.001, 0.0, 0.75, 0.2, 4, 1.0): (0.417777777777778, 1.6666666666666667) in 10.08s
50/675 (5, 1000, 0.1, 2, 6, 1.0, 10, 12, 0.001, 0.0, 0.75, 1.0, 4, 1.0): (0.43888888888888905, 1.4666666666666666) in 9.94s
51/675 (5, 1000, 0.1, 2, 6, 1.0, 10, 12, 0.001, 0.0, 0.75, 5.0, 4, 1.0): (0.43301587301587313, 1.2333333333333334) in 13.72s
52/675 (5, 1000, 0.1, 2, 6, 1.0, 10, 12, 0.001, 0.0, 0.9, 0.2, 4, 1.0): (0.36000000000000015, 1.3333333333333333) in 9.05s
53/675 (5, 1000, 0.1, 2, 6, 1.0, 10, 12, 0.001, 0.0, 0.9, 1.0, 4, 1.0): (0.43555555555555575, 1.3333333333333333) in 9.89s
54/675 (5, 1000, 0.1, 2, 6, 1.0, 10, 12, 0.001, 0.0, 0.9, 5.0, 4, 1.0): (0.42984126984127, 1.4) in 9.37s
55/675 (5, 1000, 0.1, 2, 6, 1.0, 10, 12, 0.001, 0.001, 0.5, 0.2, 4, 1.0): (0.408888888888889, 1.7666666666666666) in 9.70s
56/675 (5, 1000, 0.1, 2, 6, 1.0, 10, 12, 0.001, 0.001, 0.5, 1.0, 4, 1.0): (0.44444444444444464, 1.6333333333333333) in 11.13s
57/675 (5, 1000, 0.1, 2, 6, 1.0, 10, 12, 0.001, 0.001, 0.5, 5.0, 4, 1.0): (0.4200000000000002, 1.1333333333333333) in 16.81s
58/675 (5, 1000, 0.1, 2, 6, 1.0, 10, 12, 0.001, 0.001, 0.75, 0.2, 4, 1.0): (0.4000000000000002, 2.1333333333333333) in 9.15s
59/675 (5, 1000, 0.1, 2, 6, 1.0, 10, 12, 0.001, 0.001, 0.75, 1.0, 4, 1.0): (0.4400000000000001, 1.7) in 9.62s
60/675 (5, 1000, 0.1, 2, 6, 1.0, 10, 12, 0.001, 0.001, 0.75, 5.0, 4, 1.0): (0.45777777777777795, 1.4) in 11.50s
61/675 (5, 1000, 0.1, 2, 6, 1.0, 10, 12, 0.001, 0.001, 0.9, 0.2, 4, 1.0): (0.3711111111111113, 1.6333333333333333) in 9.13s
62/675 (5, 1000, 0.1, 2, 6, 1.0, 10, 12, 0.001, 0.001, 0.9, 1.0, 4, 1.0): (0.4412698412698414, 1.5) in 9.46s
63/675 (5, 1000, 0.1, 2, 6, 1.0, 10, 12, 0.001, 0.001, 0.9, 5.0, 4, 1.0): (0.45301587301587326, 1.3666666666666667) in 9.33s
64/675 (5, 1000, 0.1, 2, 6, 1.0, 10, 12, 0.001, 0.01, 0.5, 0.2, 4, 1.0): (0.4177777777777779, 1.3) in 9.75s
65/675 (5, 1000, 0.1, 2, 6, 1.0, 10, 12, 0.001, 0.01, 0.5, 1.0, 4, 1.0): (0.4412698412698414, 1.5666666666666667) in 9.53s
66/675 (5, 1000, 0.1, 2, 6, 1.0, 10, 12, 0.001, 0.01, 0.5, 5.0, 4, 1.0): (0.437777777777778, 1.2666666666666666) in 15.61s
67/675 (5, 1000, 0.1, 2, 6, 1.0, 10, 12, 0.001, 0.01, 0.75, 0.2, 4, 1.0): (0.4088888888888891, 1.1) in 9.67s
68/675 (5, 1000, 0.1, 2, 6, 1.0, 10, 12, 0.001, 0.01, 0.75, 1.0, 4, 1.0): (0.417777777777778, 1.2) in 9.42s
69/675 (5, 1000, 0.1, 2, 6, 1.0, 10, 12, 0.001, 0.01, 0.75, 5.0, 4, 1.0): (0.4739682539682542, 1.5) in 9.97s
70/675 (5, 1000, 0.1, 2, 6, 1.0, 10, 12, 0.001, 0.01, 0.9, 0.2, 4, 1.0): (0.4000000000000002, 1.0) in 9.92s
71/675 (5, 1000, 0.1, 2, 6, 1.0, 10, 12, 0.001, 0.01, 0.9, 1.0, 4, 1.0): (0.42666666666666686, 1.2333333333333334) in 9.59s
72/675 (5, 1000, 0.1, 2, 6, 1.0, 10, 12, 0.001, 0.01, 0.9, 5.0, 4, 1.0): (0.5253968253968255, 1.9666666666666666) in 11.57s
73/675 (5, 1000, 0.1, 2, 6, 1.0, 10, 12, 0.001, 0.05, 0.5, 0.2, 4, 1.0): (0.41777777777777797, 1.2333333333333334) in 10.29s
74/675 (5, 1000, 0.1, 2, 6, 1.0, 10, 12, 0.001, 0.05, 0.5, 1.0, 4, 1.0): (0.4800000000000001, 1.8666666666666667) in 10.26s
75/675 (5, 1000, 0.1, 2, 6, 1.0, 10, 12, 0.001, 0.05, 0.5, 5.0, 4, 1.0): (0.4644444444444446, 1.5333333333333334) in 45.20s
76/675 (5, 1000, 0.1, 2, 6, 1.0, 10, 12, 0.001, 0.05, 0.75, 0.2, 4, 1.0): (0.41777777777777797, 1.2) in 9.10s
77/675 (5, 1000, 0.1, 2, 6, 1.0, 10, 12, 0.001, 0.05, 0.75, 1.0, 4, 1.0): (0.42666666666666675, 1.3666666666666667) in 10.17s
78/675 (5, 1000, 0.1, 2, 6, 1.0, 10, 12, 0.001, 0.05, 0.75, 5.0, 4, 1.0): (0.4507936507936509, 1.4333333333333333) in 10.16s
79/675 (5, 1000, 0.1, 2, 6, 1.0, 10, 12, 0.001, 0.05, 0.9, 0.2, 4, 1.0): (0.4088888888888891, 1.1333333333333333) in 9.90s
80/675 (5, 1000, 0.1, 2, 6, 1.0, 10, 12, 0.001, 0.05, 0.9, 1.0, 4, 1.0): (0.4266666666666668, 1.2666666666666666) in 9.84s
81/675 (5, 1000, 0.1, 2, 6, 1.0, 10, 12, 0.001, 0.05, 0.9, 5.0, 4, 1.0): (0.47777777777777786, 1.7333333333333334) in 9.96s
82/675 (5, 1000, 0.1, 2, 6, 1.0, 10, 12, 0.001, 0.1, 0.5, 0.2, 4, 1.0): (0.4000000000000002, 1.0333333333333334) in 10.20s
83/675 (5, 1000, 0.1, 2, 6, 1.0, 10, 12, 0.001, 0.1, 0.5, 1.0, 4, 1.0): (0.4711111111111112, 1.8) in 9.85s
84/675 (5, 1000, 0.1, 2, 6, 1.0, 10, 12, 0.001, 0.1, 0.5, 5.0, 4, 1.0): (0.4647619047619049, 1.6) in 18.57s
85/675 (5, 1000, 0.1, 2, 6, 1.0, 10, 12, 0.001, 0.1, 0.75, 0.2, 4, 1.0): (0.41777777777777797, 1.3) in 9.60s
86/675 (5, 1000, 0.1, 2, 6, 1.0, 10, 12, 0.001, 0.1, 0.75, 1.0, 4, 1.0): (0.42666666666666686, 1.2666666666666666) in 9.04s
87/675 (5, 1000, 0.1, 2, 6, 1.0, 10, 12, 0.001, 0.1, 0.75, 5.0, 4, 1.0): (0.46301587301587316, 1.6666666666666667) in 8.92s
88/675 (5, 1000, 0.1, 2, 6, 1.0, 10, 12, 0.001, 0.1, 0.9, 0.2, 4, 1.0): (0.4152380952380954, 1.2) in 9.18s
89/675 (5, 1000, 0.1, 2, 6, 1.0, 10, 12, 0.001, 0.1, 0.9, 1.0, 4, 1.0): (0.438888888888889, 1.4333333333333333) in 9.08s
90/675 (5, 1000, 0.1, 2, 6, 1.0, 10, 12, 0.001, 0.1, 0.9, 5.0, 4, 1.0): (0.46857142857142875, 1.5666666666666667) in 9.52s
91/675 (5, 1000, 0.1, 2, 6, 1.0, 10, 12, 0.01, 0.0, 0.5, 0.2, 4, 1.0): (0.4000000000000002, 1.0) in 10.76s
92/675 (5, 1000, 0.1, 2, 6, 1.0, 10, 12, 0.01, 0.0, 0.5, 1.0, 4, 1.0): (0.4323809523809524, 1.4333333333333333) in 9.84s
93/675 (5, 1000, 0.1, 2, 6, 1.0, 10, 12, 0.01, 0.0, 0.5, 5.0, 4, 1.0): (0.4555555555555557, 1.3666666666666667) in 10.73s
94/675 (5, 1000, 0.1, 2, 6, 1.0, 10, 12, 0.01, 0.0, 0.75, 0.2, 4, 1.0): (0.42111111111111127, 1.2333333333333334) in 10.46s
95/675 (5, 1000, 0.1, 2, 6, 1.0, 10, 12, 0.01, 0.0, 0.75, 1.0, 4, 1.0): (0.4088888888888891, 1.0666666666666667) in 9.77s
96/675 (5, 1000, 0.1, 2, 6, 1.0, 10, 12, 0.01, 0.0, 0.75, 5.0, 4, 1.0): (0.43301587301587324, 1.2666666666666666) in 9.68s
97/675 (5, 1000, 0.1, 2, 6, 1.0, 10, 12, 0.01, 0.0, 0.9, 0.2, 4, 1.0): (0.4088888888888891, 1.0666666666666667) in 10.53s
98/675 (5, 1000, 0.1, 2, 6, 1.0, 10, 12, 0.01, 0.0, 0.9, 1.0, 4, 1.0): (0.43555555555555575, 1.3333333333333333) in 9.92s
99/675 (5, 1000, 0.1, 2, 6, 1.0, 10, 12, 0.01, 0.0, 0.9, 5.0, 4, 1.0): (0.44190476190476213, 1.3333333333333333) in 9.74s
100/675 (5, 1000, 0.1, 2, 6, 1.0, 10, 12, 0.01, 0.001, 0.5, 0.2, 4, 1.0): (0.44444444444444464, 1.4666666666666666) in 10.72s
101/675 (5, 1000, 0.1, 2, 6, 1.0, 10, 12, 0.01, 0.001, 0.5, 1.0, 4, 1.0): (0.45079365079365097, 1.4666666666666666) in 10.18s
102/675 (5, 1000, 0.1, 2, 6, 1.0, 10, 12, 0.01, 0.001, 0.5, 5.0, 4, 1.0): (0.47777777777777797, 1.4333333333333333) in 15.48s
103/675 (5, 1000, 0.1, 2, 6, 1.0, 10, 12, 0.01, 0.001, 0.75, 0.2, 4, 1.0): (0.4266666666666668, 1.2333333333333334) in 10.60s
104/675 (5, 1000, 0.1, 2, 6, 1.0, 10, 12, 0.01, 0.001, 0.75, 1.0, 4, 1.0): (0.4533333333333334, 1.5333333333333334) in 9.64s
105/675 (5, 1000, 0.1, 2, 6, 1.0, 10, 12, 0.01, 0.001, 0.75, 5.0, 4, 1.0): (0.47079365079365104, 1.6666666666666667) in 9.81s
106/675 (5, 1000, 0.1, 2, 6, 1.0, 10, 12, 0.01, 0.001, 0.9, 0.2, 4, 1.0): (0.4000000000000002, 1.0) in 10.76s
107/675 (5, 1000, 0.1, 2, 6, 1.0, 10, 12, 0.01, 0.001, 0.9, 1.0, 4, 1.0): (0.44444444444444464, 1.4) in 9.53s
108/675 (5, 1000, 0.1, 2, 6, 1.0, 10, 12, 0.01, 0.001, 0.9, 5.0, 4, 1.0): (0.45777777777777795, 1.3666666666666667) in 9.36s
109/675 (5, 1000, 0.1, 2, 6, 1.0, 10, 12, 0.01, 0.01, 0.5, 0.2, 4, 1.0): (0.4088888888888891, 1.1) in 11.11s
110/675 (5, 1000, 0.1, 2, 6, 1.0, 10, 12, 0.01, 0.01, 0.5, 1.0, 4, 1.0): (0.4266666666666668, 1.3333333333333333) in 10.94s
111/675 (5, 1000, 0.1, 2, 6, 1.0, 10, 12, 0.01, 0.01, 0.5, 5.0, 4, 1.0): (0.4666666666666669, 1.3666666666666667) in 15.23s
112/675 (5, 1000, 0.1, 2, 6, 1.0, 10, 12, 0.01, 0.01, 0.75, 0.2, 4, 1.0): (0.417777777777778, 1.1666666666666667) in 11.01s
113/675 (5, 1000, 0.1, 2, 6, 1.0, 10, 12, 0.01, 0.01, 0.75, 1.0, 4, 1.0): (0.4533333333333335, 1.6) in 10.95s
114/675 (5, 1000, 0.1, 2, 6, 1.0, 10, 12, 0.01, 0.01, 0.75, 5.0, 4, 1.0): (0.4885714285714286, 1.6333333333333333) in 14.73s
115/675 (5, 1000, 0.1, 2, 6, 1.0, 10, 12, 0.01, 0.01, 0.9, 0.2, 4, 1.0): (0.4177777777777779, 1.2) in 10.83s
116/675 (5, 1000, 0.1, 2, 6, 1.0, 10, 12, 0.01, 0.01, 0.9, 1.0, 4, 1.0): (0.417777777777778, 1.1333333333333333) in 9.69s
117/675 (5, 1000, 0.1, 2, 6, 1.0, 10, 12, 0.01, 0.01, 0.9, 5.0, 4, 1.0): (0.45650793650793664, 1.6666666666666667) in 10.25s
118/675 (5, 1000, 0.1, 2, 6, 1.0, 10, 12, 0.01, 0.05, 0.5, 0.2, 4, 1.0): (0.4266666666666668, 1.3) in 13.85s
119/675 (5, 1000, 0.1, 2, 6, 1.0, 10, 12, 0.01, 0.05, 0.5, 1.0, 4, 1.0): (0.4444444444444446, 1.5333333333333334) in 10.89s
120/675 (5, 1000, 0.1, 2, 6, 1.0, 10, 12, 0.01, 0.05, 0.5, 5.0, 4, 1.0): (0.48412698412698424, 1.8) in 14.20s
121/675 (5, 1000, 0.1, 2, 6, 1.0, 10, 12, 0.01, 0.05, 0.75, 0.2, 4, 1.0): (0.43555555555555575, 1.2666666666666666) in 12.92s
122/675 (5, 1000, 0.1, 2, 6, 1.0, 10, 12, 0.01, 0.05, 0.75, 1.0, 4, 1.0): (0.4300000000000001, 1.4) in 10.51s
123/675 (5, 1000, 0.1, 2, 6, 1.0, 10, 12, 0.01, 0.05, 0.75, 5.0, 4, 1.0): (0.4304761904761907, 1.3) in 10.56s
124/675 (5, 1000, 0.1, 2, 6, 1.0, 10, 12, 0.01, 0.05, 0.9, 0.2, 4, 1.0): (0.4000000000000002, 1.0) in 12.66s
125/675 (5, 1000, 0.1, 2, 6, 1.0, 10, 12, 0.01, 0.05, 0.9, 1.0, 4, 1.0): (0.45666666666666683, 1.6666666666666667) in 10.37s
126/675 (5, 1000, 0.1, 2, 6, 1.0, 10, 12, 0.01, 0.05, 0.9, 5.0, 4, 1.0): (0.43301587301587324, 1.3333333333333333) in 9.72s
127/675 (5, 1000, 0.1, 2, 6, 1.0, 10, 12, 0.01, 0.1, 0.5, 0.2, 4, 1.0): (0.408888888888889, 1.1) in 16.76s
128/675 (5, 1000, 0.1, 2, 6, 1.0, 10, 12, 0.01, 0.1, 0.5, 1.0, 4, 1.0): (0.44444444444444464, 1.5) in 11.87s
129/675 (5, 1000, 0.1, 2, 6, 1.0, 10, 12, 0.01, 0.1, 0.5, 5.0, 4, 1.0): (0.4984126984126985, 1.8333333333333333) in 30.26s
130/675 (5, 1000, 0.1, 2, 6, 1.0, 10, 12, 0.01, 0.1, 0.75, 0.2, 4, 1.0): (0.4033333333333335, 1.0666666666666667) in 15.88s
131/675 (5, 1000, 0.1, 2, 6, 1.0, 10, 12, 0.01, 0.1, 0.75, 1.0, 4, 1.0): (0.46222222222222237, 1.7) in 11.68s
132/675 (5, 1000, 0.1, 2, 6, 1.0, 10, 12, 0.01, 0.1, 0.75, 5.0, 4, 1.0): (0.46857142857142875, 1.6666666666666667) in 10.07s
133/675 (5, 1000, 0.1, 2, 6, 1.0, 10, 12, 0.01, 0.1, 0.9, 0.2, 4, 1.0): (0.4000000000000002, 1.0) in 16.19s
134/675 (5, 1000, 0.1, 2, 6, 1.0, 10, 12, 0.01, 0.1, 0.9, 1.0, 4, 1.0): (0.43555555555555575, 1.4333333333333333) in 11.44s
135/675 (5, 1000, 0.1, 2, 6, 1.0, 10, 12, 0.01, 0.1, 0.9, 5.0, 4, 1.0): (0.5094444444444445, 2.0) in 9.87s
136/675 (5, 1000, 0.1, 2, 6, 1.0, 10, 12, 0.02, 0.0, 0.5, 0.2, 4, 1.0): (0.43555555555555575, 1.3333333333333333) in 12.85s
137/675 (5, 1000, 0.1, 2, 6, 1.0, 10, 12, 0.02, 0.0, 0.5, 1.0, 4, 1.0): (0.46380952380952395, 1.6) in 10.98s
138/675 (5, 1000, 0.1, 2, 6, 1.0, 10, 12, 0.02, 0.0, 0.5, 5.0, 4, 1.0): (0.4000000000000002, 1.0) in 10.33s
139/675 (5, 1000, 0.1, 2, 6, 1.0, 10, 12, 0.02, 0.0, 0.75, 0.2, 4, 1.0): (0.417777777777778, 1.2) in 13.09s
140/675 (5, 1000, 0.1, 2, 6, 1.0, 10, 12, 0.02, 0.0, 0.75, 1.0, 4, 1.0): (0.44444444444444453, 1.5333333333333334) in 10.58s
141/675 (5, 1000, 0.1, 2, 6, 1.0, 10, 12, 0.02, 0.0, 0.75, 5.0, 4, 1.0): (0.4707936507936509, 1.5) in 13.49s
142/675 (5, 1000, 0.1, 2, 6, 1.0, 10, 12, 0.02, 0.0, 0.9, 0.2, 4, 1.0): (0.4533333333333335, 1.4333333333333333) in 12.96s
143/675 (5, 1000, 0.1, 2, 6, 1.0, 10, 12, 0.02, 0.0, 0.9, 1.0, 4, 1.0): (0.4330158730158732, 1.3333333333333333) in 10.88s
144/675 (5, 1000, 0.1, 2, 6, 1.0, 10, 12, 0.02, 0.0, 0.9, 5.0, 4, 1.0): (0.4990476190476192, 1.8) in 11.51s
145/675 (5, 1000, 0.1, 2, 6, 1.0, 10, 12, 0.02, 0.001, 0.5, 0.2, 4, 1.0): (0.48000000000000015, 1.7) in 13.67s
146/675 (5, 1000, 0.1, 2, 6, 1.0, 10, 12, 0.02, 0.001, 0.5, 1.0, 4, 1.0): (0.43555555555555564, 1.4666666666666666) in 11.82s
147/675 (5, 1000, 0.1, 2, 6, 1.0, 10, 12, 0.02, 0.001, 0.5, 5.0, 4, 1.0): (0.45301587301587326, 1.3333333333333333) in 12.82s
148/675 (5, 1000, 0.1, 2, 6, 1.0, 10, 12, 0.02, 0.001, 0.75, 0.2, 4, 1.0): (0.42682539682539694, 1.3333333333333333) in 13.41s
149/675 (5, 1000, 0.1, 2, 6, 1.0, 10, 12, 0.02, 0.001, 0.75, 1.0, 4, 1.0): (0.480793650793651, 1.9) in 11.19s
150/675 (5, 1000, 0.1, 2, 6, 1.0, 10, 12, 0.02, 0.001, 0.75, 5.0, 4, 1.0): (0.42666666666666686, 1.2333333333333334) in 10.95s
151/675 (5, 1000, 0.1, 2, 6, 1.0, 10, 12, 0.02, 0.001, 0.9, 0.2, 4, 1.0): (0.4266666666666668, 1.2666666666666666) in 13.31s
152/675 (5, 1000, 0.1, 2, 6, 1.0, 10, 12, 0.02, 0.001, 0.9, 1.0, 4, 1.0): (0.43555555555555575, 1.4) in 11.10s
153/675 (5, 1000, 0.1, 2, 6, 1.0, 10, 12, 0.02, 0.001, 0.9, 5.0, 4, 1.0): (0.4444444444444446, 1.4333333333333333) in 10.90s
154/675 (5, 1000, 0.1, 2, 6, 1.0, 10, 12, 0.02, 0.01, 0.5, 0.2, 4, 1.0): (0.45015873015873026, 1.4666666666666666) in 14.29s
155/675 (5, 1000, 0.1, 2, 6, 1.0, 10, 12, 0.02, 0.01, 0.5, 1.0, 4, 1.0): (0.4596825396825398, 1.5) in 11.21s
156/675 (5, 1000, 0.1, 2, 6, 1.0, 10, 12, 0.02, 0.01, 0.5, 5.0, 4, 1.0): (0.4266666666666668, 1.3) in 10.72s
157/675 (5, 1000, 0.1, 2, 6, 1.0, 10, 12, 0.02, 0.01, 0.75, 0.2, 4, 1.0): (0.4088888888888891, 1.1333333333333333) in 13.77s
158/675 (5, 1000, 0.1, 2, 6, 1.0, 10, 12, 0.02, 0.01, 0.75, 1.0, 4, 1.0): (0.4177777777777779, 1.1333333333333333) in 10.99s
159/675 (5, 1000, 0.1, 2, 6, 1.0, 10, 12, 0.02, 0.01, 0.75, 5.0, 4, 1.0): (0.4657142857142859, 1.4666666666666666) in 14.95s
160/675 (5, 1000, 0.1, 2, 6, 1.0, 10, 12, 0.02, 0.01, 0.9, 0.2, 4, 1.0): (0.4266666666666668, 1.2) in 13.29s
161/675 (5, 1000, 0.1, 2, 6, 1.0, 10, 12, 0.02, 0.01, 0.9, 1.0, 4, 1.0): (0.43555555555555564, 1.4) in 10.93s
162/675 (5, 1000, 0.1, 2, 6, 1.0, 10, 12, 0.02, 0.01, 0.9, 5.0, 4, 1.0): (0.45714285714285735, 1.4) in 12.71s
163/675 (5, 1000, 0.1, 2, 6, 1.0, 10, 12, 0.02, 0.05, 0.5, 0.2, 4, 1.0): (0.45650793650793664, 1.7) in 18.71s
164/675 (5, 1000, 0.1, 2, 6, 1.0, 10, 12, 0.02, 0.05, 0.5, 1.0, 4, 1.0): (0.4323809523809526, 1.4666666666666666) in 12.25s
165/675 (5, 1000, 0.1, 2, 6, 1.0, 10, 12, 0.02, 0.05, 0.5, 5.0, 4, 1.0): (0.4819047619047621, 1.4666666666666666) in 21.85s
166/675 (5, 1000, 0.1, 2, 6, 1.0, 10, 12, 0.02, 0.05, 0.75, 0.2, 4, 1.0): (0.42666666666666686, 1.2333333333333334) in 17.62s
167/675 (5, 1000, 0.1, 2, 6, 1.0, 10, 12, 0.02, 0.05, 0.75, 1.0, 4, 1.0): (0.43555555555555575, 1.3333333333333333) in 12.02s
168/675 (5, 1000, 0.1, 2, 6, 1.0, 10, 12, 0.02, 0.05, 0.75, 5.0, 4, 1.0): (0.46222222222222237, 1.5333333333333334) in 17.10s
169/675 (5, 1000, 0.1, 2, 6, 1.0, 10, 12, 0.02, 0.05, 0.9, 0.2, 4, 1.0): (0.42666666666666686, 1.2333333333333334) in 17.26s
170/675 (5, 1000, 0.1, 2, 6, 1.0, 10, 12, 0.02, 0.05, 0.9, 1.0, 4, 1.0): (0.43555555555555564, 1.4) in 11.88s
171/675 (5, 1000, 0.1, 2, 6, 1.0, 10, 12, 0.02, 0.05, 0.9, 5.0, 4, 1.0): (0.49015873015873024, 1.8666666666666667) in 10.39s
172/675 (5, 1000, 0.1, 2, 6, 1.0, 10, 12, 0.02, 0.1, 0.5, 0.2, 4, 1.0): (0.42666666666666686, 1.2333333333333334) in 22.43s
173/675 (5, 1000, 0.1, 2, 6, 1.0, 10, 12, 0.02, 0.1, 0.5, 1.0, 4, 1.0): (0.4412698412698415, 1.4333333333333333) in 12.79s
174/675 (5, 1000, 0.1, 2, 6, 1.0, 10, 12, 0.02, 0.1, 0.5, 5.0, 4, 1.0): (0.4965079365079366, 1.6333333333333333) in 20.98s
175/675 (5, 1000, 0.1, 2, 6, 1.0, 10, 12, 0.02, 0.1, 0.75, 0.2, 4, 1.0): (0.4412698412698414, 1.4333333333333333) in 21.22s
176/675 (5, 1000, 0.1, 2, 6, 1.0, 10, 12, 0.02, 0.1, 0.75, 1.0, 4, 1.0): (0.417777777777778, 1.2666666666666666) in 12.82s
177/675 (5, 1000, 0.1, 2, 6, 1.0, 10, 12, 0.02, 0.1, 0.75, 5.0, 4, 1.0): (0.4660317460317462, 1.7666666666666666) in 10.87s
178/675 (5, 1000, 0.1, 2, 6, 1.0, 10, 12, 0.02, 0.1, 0.9, 0.2, 4, 1.0): (0.417777777777778, 1.2333333333333334) in 19.74s
179/675 (5, 1000, 0.1, 2, 6, 1.0, 10, 12, 0.02, 0.1, 0.9, 1.0, 4, 1.0): (0.408888888888889, 1.1) in 12.60s
180/675 (5, 1000, 0.1, 2, 6, 1.0, 10, 12, 0.02, 0.1, 0.9, 5.0, 4, 1.0): (0.46222222222222237, 1.8333333333333333) in 11.86s
181/675 (5, 1000, 0.1, 2, 6, 1.0, 10, 12, 0.05, 0.0, 0.5, 0.2, 4, 1.0): (0.4825396825396826, 1.7333333333333334) in 24.42s
182/675 (5, 1000, 0.1, 2, 6, 1.0, 10, 12, 0.05, 0.0, 0.5, 1.0, 4, 1.0): (0.44444444444444464, 1.4) in 15.29s
183/675 (5, 1000, 0.1, 2, 6, 1.0, 10, 12, 0.05, 0.0, 0.5, 5.0, 4, 1.0): (0.4723809523809526, 1.5333333333333334) in 18.70s
184/675 (5, 1000, 0.1, 2, 6, 1.0, 10, 12, 0.05, 0.0, 0.75, 0.2, 4, 1.0): (0.518888888888889, 2.0) in 23.91s
185/675 (5, 1000, 0.1, 2, 6, 1.0, 10, 12, 0.05, 0.0, 0.75, 1.0, 4, 1.0): (0.4622222222222223, 1.4666666666666666) in 15.26s
186/675 (5, 1000, 0.1, 2, 6, 1.0, 10, 12, 0.05, 0.0, 0.75, 5.0, 4, 1.0): (0.4619047619047621, 1.5) in 80.38s
187/675 (5, 1000, 0.1, 2, 6, 1.0, 10, 12, 0.05, 0.0, 0.9, 0.2, 4, 1.0): (0.5011111111111112, 2.0) in 22.88s
188/675 (5, 1000, 0.1, 2, 6, 1.0, 10, 12, 0.05, 0.0, 0.9, 1.0, 4, 1.0): (0.46555555555555567, 1.7333333333333334) in 14.72s
189/675 (5, 1000, 0.1, 2, 6, 1.0, 10, 12, 0.05, 0.0, 0.9, 5.0, 4, 1.0): (0.4444444444444446, 1.3666666666666667) in 13.76s
190/675 (5, 1000, 0.1, 2, 6, 1.0, 10, 12, 0.05, 0.001, 0.5, 0.2, 4, 1.0): (0.5066666666666667, 2.0) in 25.52s
191/675 (5, 1000, 0.1, 2, 6, 1.0, 10, 12, 0.05, 0.001, 0.5, 1.0, 4, 1.0): (0.4952380952380953, 1.8666666666666667) in 15.98s
192/675 (5, 1000, 0.1, 2, 6, 1.0, 10, 12, 0.05, 0.001, 0.5, 5.0, 4, 1.0): (0.4088888888888891, 1.0666666666666667) in 13.39s
193/675 (5, 1000, 0.1, 2, 6, 1.0, 10, 12, 0.05, 0.001, 0.75, 0.2, 4, 1.0): (0.4955555555555557, 1.8333333333333333) in 23.38s
194/675 (5, 1000, 0.1, 2, 6, 1.0, 10, 12, 0.05, 0.001, 0.75, 1.0, 4, 1.0): (0.4800000000000001, 1.8666666666666667) in 15.86s
195/675 (5, 1000, 0.1, 2, 6, 1.0, 10, 12, 0.05, 0.001, 0.75, 5.0, 4, 1.0): (0.47301587301587317, 1.5333333333333334) in 16.41s
196/675 (5, 1000, 0.1, 2, 6, 1.0, 10, 12, 0.05, 0.001, 0.9, 0.2, 4, 1.0): (0.488888888888889, 1.7333333333333334) in 22.62s
197/675 (5, 1000, 0.1, 2, 6, 1.0, 10, 12, 0.05, 0.001, 0.9, 1.0, 4, 1.0): (0.45984126984126994, 1.5666666666666667) in 15.07s
198/675 (5, 1000, 0.1, 2, 6, 1.0, 10, 12, 0.05, 0.001, 0.9, 5.0, 4, 1.0): (0.46190476190476204, 1.5) in 13.34s
199/675 (5, 1000, 0.1, 2, 6, 1.0, 10, 12, 0.05, 0.01, 0.5, 0.2, 4, 1.0): (0.49777777777777793, 1.9) in 26.68s
200/675 (5, 1000, 0.1, 2, 6, 1.0, 10, 12, 0.05, 0.01, 0.5, 1.0, 4, 1.0): (0.5244444444444445, 2.2666666666666666) in 16.11s
201/675 (5, 1000, 0.1, 2, 6, 1.0, 10, 12, 0.05, 0.01, 0.5, 5.0, 4, 1.0): (0.48603174603174615, 1.6) in 21.69s
202/675 (5, 1000, 0.1, 2, 6, 1.0, 10, 12, 0.05, 0.01, 0.75, 0.2, 4, 1.0): (0.488888888888889, 1.7333333333333334) in 24.84s
203/675 (5, 1000, 0.1, 2, 6, 1.0, 10, 12, 0.05, 0.01, 0.75, 1.0, 4, 1.0): (0.4711111111111112, 1.7666666666666666) in 15.54s
204/675 (5, 1000, 0.1, 2, 6, 1.0, 10, 12, 0.05, 0.01, 0.75, 5.0, 4, 1.0): (0.4411111111111113, 1.4) in 14.68s
205/675 (5, 1000, 0.1, 2, 6, 1.0, 10, 12, 0.05, 0.01, 0.9, 0.2, 4, 1.0): (0.47111111111111115, 1.5333333333333334) in 23.79s
206/675 (5, 1000, 0.1, 2, 6, 1.0, 10, 12, 0.05, 0.01, 0.9, 1.0, 4, 1.0): (0.47333333333333344, 1.5666666666666667) in 15.56s
207/675 (5, 1000, 0.1, 2, 6, 1.0, 10, 12, 0.05, 0.01, 0.9, 5.0, 4, 1.0): (0.450793650793651, 1.4666666666666666) in 13.09s
208/675 (5, 1000, 0.1, 2, 6, 1.0, 10, 12, 0.05, 0.05, 0.5, 0.2, 4, 1.0): (0.46238095238095245, 1.5666666666666667) in 31.63s
209/675 (5, 1000, 0.1, 2, 6, 1.0, 10, 12, 0.05, 0.05, 0.5, 1.0, 4, 1.0): (0.43555555555555575, 1.3333333333333333) in 16.37s
210/675 (5, 1000, 0.1, 2, 6, 1.0, 10, 12, 0.05, 0.05, 0.5, 5.0, 4, 1.0): (0.5142857142857145, 1.7666666666666666) in 33.44s
211/675 (5, 1000, 0.1, 2, 6, 1.0, 10, 12, 0.05, 0.05, 0.75, 0.2, 4, 1.0): (0.46555555555555567, 1.6666666666666667) in 28.83s
212/675 (5, 1000, 0.1, 2, 6, 1.0, 10, 12, 0.05, 0.05, 0.75, 1.0, 4, 1.0): (0.49777777777777793, 2.1) in 16.73s
213/675 (5, 1000, 0.1, 2, 6, 1.0, 10, 12, 0.05, 0.05, 0.75, 5.0, 4, 1.0): (0.4619047619047621, 1.4666666666666666) in 13.80s
214/675 (5, 1000, 0.1, 2, 6, 1.0, 10, 12, 0.05, 0.05, 0.9, 0.2, 4, 1.0): (0.49206349206349215, 1.9) in 28.35s
215/675 (5, 1000, 0.1, 2, 6, 1.0, 10, 12, 0.05, 0.05, 0.9, 1.0, 4, 1.0): (0.47111111111111126, 1.7333333333333334) in 17.33s
216/675 (5, 1000, 0.1, 2, 6, 1.0, 10, 12, 0.05, 0.05, 0.9, 5.0, 4, 1.0): (0.4685714285714287, 1.7) in 14.29s
217/675 (5, 1000, 0.1, 2, 6, 1.0, 10, 12, 0.05, 0.1, 0.5, 0.2, 4, 1.0): (0.4544444444444446, 1.4666666666666666) in 37.68s
218/675 (5, 1000, 0.1, 2, 6, 1.0, 10, 12, 0.05, 0.1, 0.5, 1.0, 4, 1.0): (0.48888888888888893, 1.7666666666666666) in 19.53s
219/675 (5, 1000, 0.1, 2, 6, 1.0, 10, 12, 0.05, 0.1, 0.5, 5.0, 4, 1.0): (0.45611111111111124, 1.4) in 28.30s
220/675 (5, 1000, 0.1, 2, 6, 1.0, 10, 12, 0.05, 0.1, 0.75, 0.2, 4, 1.0): (0.4446031746031747, 1.4666666666666666) in 34.47s
221/675 (5, 1000, 0.1, 2, 6, 1.0, 10, 12, 0.05, 0.1, 0.75, 1.0, 4, 1.0): (0.4977777777777778, 1.9666666666666666) in 18.71s
222/675 (5, 1000, 0.1, 2, 6, 1.0, 10, 12, 0.05, 0.1, 0.75, 5.0, 4, 1.0): (0.46857142857142875, 1.6333333333333333) in 14.59s
223/675 (5, 1000, 0.1, 2, 6, 1.0, 10, 12, 0.05, 0.1, 0.9, 0.2, 4, 1.0): (0.44777777777777794, 1.4666666666666666) in 32.69s
224/675 (5, 1000, 0.1, 2, 6, 1.0, 10, 12, 0.05, 0.1, 0.9, 1.0, 4, 1.0): (0.43555555555555575, 1.2666666666666666) in 18.35s
225/675 (5, 1000, 0.1, 2, 6, 1.0, 10, 12, 0.05, 0.1, 0.9, 5.0, 4, 1.0): (0.4444444444444446, 1.4333333333333333) in 14.11s
226/675 (5, 1000, 0.1, 2, 6, 6.0, 10, 12, 0.0, 0.0, 0.5, 0.2, 4, 1.0): (0.4069841269841271, 1.8666666666666667) in 9.03s
227/675 (5, 1000, 0.1, 2, 6, 6.0, 10, 12, 0.0, 0.0, 0.5, 1.0, 4, 1.0): (0.44190476190476213, 1.6333333333333333) in 10.12s
228/675 (5, 1000, 0.1, 2, 6, 6.0, 10, 12, 0.0, 0.0, 0.5, 5.0, 4, 1.0): (0.43555555555555575, 1.3333333333333333) in 8.70s
229/675 (5, 1000, 0.1, 2, 6, 6.0, 10, 12, 0.0, 0.0, 0.75, 0.2, 4, 1.0): (0.4012698412698414, 1.7) in 8.57s
230/675 (5, 1000, 0.1, 2, 6, 6.0, 10, 12, 0.0, 0.0, 0.75, 1.0, 4, 1.0): (0.4533333333333335, 1.5666666666666667) in 8.71s
231/675 (5, 1000, 0.1, 2, 6, 6.0, 10, 12, 0.0, 0.0, 0.75, 5.0, 4, 1.0): (0.47079365079365093, 1.7333333333333334) in 8.53s
232/675 (5, 1000, 0.1, 2, 6, 6.0, 10, 12, 0.0, 0.0, 0.9, 0.2, 4, 1.0): (0.41111111111111126, 1.9) in 8.45s
233/675 (5, 1000, 0.1, 2, 6, 6.0, 10, 12, 0.0, 0.0, 0.9, 1.0, 4, 1.0): (0.4277777777777779, 2.033333333333333) in 8.53s
234/675 (5, 1000, 0.1, 2, 6, 6.0, 10, 12, 0.0, 0.0, 0.9, 5.0, 4, 1.0): (0.5101587301587303, 1.9666666666666666) in 10.04s
235/675 (5, 1000, 0.1, 2, 6, 6.0, 10, 12, 0.0, 0.001, 0.5, 0.2, 4, 1.0): (0.43555555555555575, 2.2333333333333334) in 8.95s
236/675 (5, 1000, 0.1, 2, 6, 6.0, 10, 12, 0.0, 0.001, 0.5, 1.0, 4, 1.0): (0.4755555555555556, 2.2) in 9.13s
237/675 (5, 1000, 0.1, 2, 6, 6.0, 10, 12, 0.0, 0.001, 0.5, 5.0, 4, 1.0): (0.4822222222222224, 1.8333333333333333) in 10.12s
238/675 (5, 1000, 0.1, 2, 6, 6.0, 10, 12, 0.0, 0.001, 0.75, 0.2, 4, 1.0): (0.408888888888889, 1.7) in 8.52s
239/675 (5, 1000, 0.1, 2, 6, 6.0, 10, 12, 0.0, 0.001, 0.75, 1.0, 4, 1.0): (0.4577777777777779, 2.1333333333333333) in 8.74s
240/675 (5, 1000, 0.1, 2, 6, 6.0, 10, 12, 0.0, 0.001, 0.75, 5.0, 4, 1.0): (0.5019047619047622, 1.7666666666666666) in 15.93s
241/675 (5, 1000, 0.1, 2, 6, 6.0, 10, 12, 0.0, 0.001, 0.9, 0.2, 4, 1.0): (0.4088888888888891, 1.5666666666666667) in 8.89s
242/675 (5, 1000, 0.1, 2, 6, 6.0, 10, 12, 0.0, 0.001, 0.9, 1.0, 4, 1.0): (0.4422222222222224, 1.8666666666666667) in 8.77s
243/675 (5, 1000, 0.1, 2, 6, 6.0, 10, 12, 0.0, 0.001, 0.9, 5.0, 4, 1.0): (0.4841269841269843, 1.5666666666666667) in 9.00s
244/675 (5, 1000, 0.1, 2, 6, 6.0, 10, 12, 0.0, 0.01, 0.5, 0.2, 4, 1.0): (0.4088888888888891, 1.0666666666666667) in 9.13s
245/675 (5, 1000, 0.1, 2, 6, 6.0, 10, 12, 0.0, 0.01, 0.5, 1.0, 4, 1.0): (0.4974603174603176, 1.9666666666666666) in 9.09s
246/675 (5, 1000, 0.1, 2, 6, 6.0, 10, 12, 0.0, 0.01, 0.5, 5.0, 4, 1.0): (0.49968253968253984, 1.6333333333333333) in 13.23s
247/675 (5, 1000, 0.1, 2, 6, 6.0, 10, 12, 0.0, 0.01, 0.75, 0.2, 4, 1.0): (0.41777777777777797, 1.2333333333333334) in 8.58s
248/675 (5, 1000, 0.1, 2, 6, 6.0, 10, 12, 0.0, 0.01, 0.75, 1.0, 4, 1.0): (0.44444444444444464, 1.6) in 8.81s
249/675 (5, 1000, 0.1, 2, 6, 6.0, 10, 12, 0.0, 0.01, 0.75, 5.0, 4, 1.0): (0.49079365079365095, 1.8) in 10.43s
250/675 (5, 1000, 0.1, 2, 6, 6.0, 10, 12, 0.0, 0.01, 0.9, 0.2, 4, 1.0): (0.4088888888888891, 1.0666666666666667) in 8.82s
251/675 (5, 1000, 0.1, 2, 6, 6.0, 10, 12, 0.0, 0.01, 0.9, 1.0, 4, 1.0): (0.4444444444444446, 1.5) in 9.03s
252/675 (5, 1000, 0.1, 2, 6, 6.0, 10, 12, 0.0, 0.01, 0.9, 5.0, 4, 1.0): (0.46539682539682553, 1.4666666666666666) in 10.76s
253/675 (5, 1000, 0.1, 2, 6, 6.0, 10, 12, 0.0, 0.05, 0.5, 0.2, 4, 1.0): (0.42666666666666686, 1.4666666666666666) in 9.58s
254/675 (5, 1000, 0.1, 2, 6, 6.0, 10, 12, 0.0, 0.05, 0.5, 1.0, 4, 1.0): (0.5034920634920634, 2.6) in 9.76s
255/675 (5, 1000, 0.1, 2, 6, 6.0, 10, 12, 0.0, 0.05, 0.5, 5.0, 4, 1.0): (0.5180952380952383, 1.9333333333333333) in 22.18s
256/675 (5, 1000, 0.1, 2, 6, 6.0, 10, 12, 0.0, 0.05, 0.75, 0.2, 4, 1.0): (0.43555555555555575, 1.6666666666666667) in 9.28s
257/675 (5, 1000, 0.1, 2, 6, 6.0, 10, 12, 0.0, 0.05, 0.75, 1.0, 4, 1.0): (0.42682539682539705, 1.3333333333333333) in 9.23s
258/675 (5, 1000, 0.1, 2, 6, 6.0, 10, 12, 0.0, 0.05, 0.75, 5.0, 4, 1.0): (0.5596031746031748, 2.2666666666666666) in 19.27s
259/675 (5, 1000, 0.1, 2, 6, 6.0, 10, 12, 0.0, 0.05, 0.9, 0.2, 4, 1.0): (0.4088888888888891, 1.1333333333333333) in 9.14s
260/675 (5, 1000, 0.1, 2, 6, 6.0, 10, 12, 0.0, 0.05, 0.9, 1.0, 4, 1.0): (0.4477777777777779, 1.8333333333333333) in 8.90s
261/675 (5, 1000, 0.1, 2, 6, 6.0, 10, 12, 0.0, 0.05, 0.9, 5.0, 4, 1.0): (0.548888888888889, 2.2666666666666666) in 9.67s
262/675 (5, 1000, 0.1, 2, 6, 6.0, 10, 12, 0.0, 0.1, 0.5, 0.2, 4, 1.0): (0.408888888888889, 1.2) in 10.08s
263/675 (5, 1000, 0.1, 2, 6, 6.0, 10, 12, 0.0, 0.1, 0.5, 1.0, 4, 1.0): (0.488888888888889, 2.066666666666667) in 10.43s
264/675 (5, 1000, 0.1, 2, 6, 6.0, 10, 12, 0.0, 0.1, 0.5, 5.0, 4, 1.0): (0.5273015873015874, 2.3666666666666667) in 22.53s
265/675 (5, 1000, 0.1, 2, 6, 6.0, 10, 12, 0.0, 0.1, 0.75, 0.2, 4, 1.0): (0.4000000000000002, 1.0) in 9.27s
266/675 (5, 1000, 0.1, 2, 6, 6.0, 10, 12, 0.0, 0.1, 0.75, 1.0, 4, 1.0): (0.45904761904761926, 1.9666666666666666) in 9.42s
267/675 (5, 1000, 0.1, 2, 6, 6.0, 10, 12, 0.0, 0.1, 0.75, 5.0, 4, 1.0): (0.5365079365079366, 2.6333333333333333) in 10.49s
268/675 (5, 1000, 0.1, 2, 6, 6.0, 10, 12, 0.0, 0.1, 0.9, 0.2, 4, 1.0): (0.44444444444444464, 1.8) in 9.03s
269/675 (5, 1000, 0.1, 2, 6, 6.0, 10, 12, 0.0, 0.1, 0.9, 1.0, 4, 1.0): (0.4711111111111112, 1.9666666666666666) in 9.09s
270/675 (5, 1000, 0.1, 2, 6, 6.0, 10, 12, 0.0, 0.1, 0.9, 5.0, 4, 1.0): (0.5015873015873018, 2.033333333333333) in 9.21s
271/675 (5, 1000, 0.1, 2, 6, 6.0, 10, 12, 0.001, 0.0, 0.5, 0.2, 4, 1.0): (0.39555555555555577, 1.6666666666666667) in 8.57s
272/675 (5, 1000, 0.1, 2, 6, 6.0, 10, 12, 0.001, 0.0, 0.5, 1.0, 4, 1.0): (0.46920634920634924, 2.1666666666666665) in 10.87s
273/675 (5, 1000, 0.1, 2, 6, 6.0, 10, 12, 0.001, 0.0, 0.5, 5.0, 4, 1.0): (0.4533333333333334, 1.4666666666666666) in 8.63s
274/675 (5, 1000, 0.1, 2, 6, 6.0, 10, 12, 0.001, 0.0, 0.75, 0.2, 4, 1.0): (0.38444444444444464, 1.8666666666666667) in 8.61s
275/675 (5, 1000, 0.1, 2, 6, 6.0, 10, 12, 0.001, 0.0, 0.75, 1.0, 4, 1.0): (0.48111111111111116, 2.3) in 9.24s
276/675 (5, 1000, 0.1, 2, 6, 6.0, 10, 12, 0.001, 0.0, 0.75, 5.0, 4, 1.0): (0.5044444444444446, 1.7666666666666666) in 32.10s
277/675 (5, 1000, 0.1, 2, 6, 6.0, 10, 12, 0.001, 0.0, 0.9, 0.2, 4, 1.0): (0.4088888888888891, 1.7666666666666666) in 8.67s
278/675 (5, 1000, 0.1, 2, 6, 6.0, 10, 12, 0.001, 0.0, 0.9, 1.0, 4, 1.0): (0.47174603174603186, 1.8333333333333333) in 8.76s
279/675 (5, 1000, 0.1, 2, 6, 6.0, 10, 12, 0.001, 0.0, 0.9, 5.0, 4, 1.0): (0.4596825396825398, 1.5333333333333334) in 8.94s
280/675 (5, 1000, 0.1, 2, 6, 6.0, 10, 12, 0.001, 0.001, 0.5, 0.2, 4, 1.0): (0.417777777777778, 1.9) in 9.14s
281/675 (5, 1000, 0.1, 2, 6, 6.0, 10, 12, 0.001, 0.001, 0.5, 1.0, 4, 1.0): (0.47682539682539693, 2.466666666666667) in 10.61s
282/675 (5, 1000, 0.1, 2, 6, 6.0, 10, 12, 0.001, 0.001, 0.5, 5.0, 4, 1.0): (0.408888888888889, 1.0666666666666667) in 8.49s
283/675 (5, 1000, 0.1, 2, 6, 6.0, 10, 12, 0.001, 0.001, 0.75, 0.2, 4, 1.0): (0.39000000000000024, 1.8) in 8.51s
284/675 (5, 1000, 0.1, 2, 6, 6.0, 10, 12, 0.001, 0.001, 0.75, 1.0, 4, 1.0): (0.4711111111111112, 1.8333333333333333) in 8.72s
285/675 (5, 1000, 0.1, 2, 6, 6.0, 10, 12, 0.001, 0.001, 0.75, 5.0, 4, 1.0): (0.46444444444444455, 1.6) in 8.56s
286/675 (5, 1000, 0.1, 2, 6, 6.0, 10, 12, 0.001, 0.001, 0.9, 0.2, 4, 1.0): (0.3955555555555557, 1.8333333333333333) in 8.58s
287/675 (5, 1000, 0.1, 2, 6, 6.0, 10, 12, 0.001, 0.001, 0.9, 1.0, 4, 1.0): (0.4533333333333334, 1.7) in 8.86s
288/675 (5, 1000, 0.1, 2, 6, 6.0, 10, 12, 0.001, 0.001, 0.9, 5.0, 4, 1.0): (0.5441269841269842, 2.2666666666666666) in 11.17s
289/675 (5, 1000, 0.1, 2, 6, 6.0, 10, 12, 0.001, 0.01, 0.5, 0.2, 4, 1.0): (0.41777777777777797, 1.3666666666666667) in 9.31s
290/675 (5, 1000, 0.1, 2, 6, 6.0, 10, 12, 0.001, 0.01, 0.5, 1.0, 4, 1.0): (0.4533333333333335, 1.7333333333333334) in 9.05s
291/675 (5, 1000, 0.1, 2, 6, 6.0, 10, 12, 0.001, 0.01, 0.5, 5.0, 4, 1.0): (0.546031746031746, 2.0) in 17.44s
292/675 (5, 1000, 0.1, 2, 6, 6.0, 10, 12, 0.001, 0.01, 0.75, 0.2, 4, 1.0): (0.41777777777777797, 1.3666666666666667) in 8.95s
293/675 (5, 1000, 0.1, 2, 6, 6.0, 10, 12, 0.001, 0.01, 0.75, 1.0, 4, 1.0): (0.4539682539682542, 1.7333333333333334) in 9.15s
294/675 (5, 1000, 0.1, 2, 6, 6.0, 10, 12, 0.001, 0.01, 0.75, 5.0, 4, 1.0): (0.5044444444444446, 1.9) in 12.74s
295/675 (5, 1000, 0.1, 2, 6, 6.0, 10, 12, 0.001, 0.01, 0.9, 0.2, 4, 1.0): (0.417777777777778, 1.2666666666666666) in 8.64s
296/675 (5, 1000, 0.1, 2, 6, 6.0, 10, 12, 0.001, 0.01, 0.9, 1.0, 4, 1.0): (0.46222222222222237, 1.7333333333333334) in 8.89s
297/675 (5, 1000, 0.1, 2, 6, 6.0, 10, 12, 0.001, 0.01, 0.9, 5.0, 4, 1.0): (0.531746031746032, 2.033333333333333) in 9.68s
298/675 (5, 1000, 0.1, 2, 6, 6.0, 10, 12, 0.001, 0.05, 0.5, 0.2, 4, 1.0): (0.43555555555555575, 1.6333333333333333) in 9.61s
299/675 (5, 1000, 0.1, 2, 6, 6.0, 10, 12, 0.001, 0.05, 0.5, 1.0, 4, 1.0): (0.46793650793650804, 2.1333333333333333) in 9.78s
300/675 (5, 1000, 0.1, 2, 6, 6.0, 10, 12, 0.001, 0.05, 0.5, 5.0, 4, 1.0): (0.5749206349206349, 2.3333333333333335) in 26.75s
301/675 (5, 1000, 0.1, 2, 6, 6.0, 10, 12, 0.001, 0.05, 0.75, 0.2, 4, 1.0): (0.41777777777777797, 1.3666666666666667) in 9.04s
302/675 (5, 1000, 0.1, 2, 6, 6.0, 10, 12, 0.001, 0.05, 0.75, 1.0, 4, 1.0): (0.43555555555555575, 1.4666666666666666) in 8.99s
303/675 (5, 1000, 0.1, 2, 6, 6.0, 10, 12, 0.001, 0.05, 0.75, 5.0, 4, 1.0): (0.5888888888888888, 2.933333333333333) in 14.25s
304/675 (5, 1000, 0.1, 2, 6, 6.0, 10, 12, 0.001, 0.05, 0.9, 0.2, 4, 1.0): (0.42666666666666686, 1.5333333333333334) in 8.99s
305/675 (5, 1000, 0.1, 2, 6, 6.0, 10, 12, 0.001, 0.05, 0.9, 1.0, 4, 1.0): (0.4711111111111112, 1.8333333333333333) in 9.00s
306/675 (5, 1000, 0.1, 2, 6, 6.0, 10, 12, 0.001, 0.05, 0.9, 5.0, 4, 1.0): (0.48460317460317465, 1.8666666666666667) in 9.50s
307/675 (5, 1000, 0.1, 2, 6, 6.0, 10, 12, 0.001, 0.1, 0.5, 0.2, 4, 1.0): (0.43555555555555564, 1.4333333333333333) in 9.88s
308/675 (5, 1000, 0.1, 2, 6, 6.0, 10, 12, 0.001, 0.1, 0.5, 1.0, 4, 1.0): (0.42111111111111127, 1.3) in 9.87s
309/675 (5, 1000, 0.1, 2, 6, 6.0, 10, 12, 0.001, 0.1, 0.5, 5.0, 4, 1.0): (0.5326984126984128, 2.1) in 42.13s
310/675 (5, 1000, 0.1, 2, 6, 6.0, 10, 12, 0.001, 0.1, 0.75, 0.2, 4, 1.0): (0.408888888888889, 1.1666666666666667) in 9.67s
311/675 (5, 1000, 0.1, 2, 6, 6.0, 10, 12, 0.001, 0.1, 0.75, 1.0, 4, 1.0): (0.4533333333333335, 1.5666666666666667) in 9.22s
312/675 (5, 1000, 0.1, 2, 6, 6.0, 10, 12, 0.001, 0.1, 0.75, 5.0, 4, 1.0): (0.5409523809523811, 2.3333333333333335) in 11.52s
313/675 (5, 1000, 0.1, 2, 6, 6.0, 10, 12, 0.001, 0.1, 0.9, 0.2, 4, 1.0): (0.4000000000000002, 1.0) in 9.15s
314/675 (5, 1000, 0.1, 2, 6, 6.0, 10, 12, 0.001, 0.1, 0.9, 1.0, 4, 1.0): (0.4533333333333334, 1.8) in 9.62s
315/675 (5, 1000, 0.1, 2, 6, 6.0, 10, 12, 0.001, 0.1, 0.9, 5.0, 4, 1.0): (0.513015873015873, 2.3) in 9.42s
316/675 (5, 1000, 0.1, 2, 6, 6.0, 10, 12, 0.01, 0.0, 0.5, 0.2, 4, 1.0): (0.4444444444444446, 1.5) in 11.09s
317/675 (5, 1000, 0.1, 2, 6, 6.0, 10, 12, 0.01, 0.0, 0.5, 1.0, 4, 1.0): (0.45079365079365097, 1.5) in 10.77s
318/675 (5, 1000, 0.1, 2, 6, 6.0, 10, 12, 0.01, 0.0, 0.5, 5.0, 4, 1.0): (0.4666666666666668, 1.4333333333333333) in 10.60s
319/675 (5, 1000, 0.1, 2, 6, 6.0, 10, 12, 0.01, 0.0, 0.75, 0.2, 4, 1.0): (0.417777777777778, 1.2333333333333334) in 10.84s
320/675 (5, 1000, 0.1, 2, 6, 6.0, 10, 12, 0.01, 0.0, 0.75, 1.0, 4, 1.0): (0.45079365079365097, 1.5666666666666667) in 10.91s
321/675 (5, 1000, 0.1, 2, 6, 6.0, 10, 12, 0.01, 0.0, 0.75, 5.0, 4, 1.0): (0.46507936507936526, 1.5666666666666667) in 10.28s
322/675 (5, 1000, 0.1, 2, 6, 6.0, 10, 12, 0.01, 0.0, 0.9, 0.2, 4, 1.0): (0.41777777777777797, 1.2333333333333334) in 11.08s
323/675 (5, 1000, 0.1, 2, 6, 6.0, 10, 12, 0.01, 0.0, 0.9, 1.0, 4, 1.0): (0.4744444444444446, 2.1666666666666665) in 9.55s
324/675 (5, 1000, 0.1, 2, 6, 6.0, 10, 12, 0.01, 0.0, 0.9, 5.0, 4, 1.0): (0.4841269841269843, 1.5666666666666667) in 9.76s
325/675 (5, 1000, 0.1, 2, 6, 6.0, 10, 12, 0.01, 0.001, 0.5, 0.2, 4, 1.0): (0.4292063492063493, 1.4333333333333333) in 10.93s
326/675 (5, 1000, 0.1, 2, 6, 6.0, 10, 12, 0.01, 0.001, 0.5, 1.0, 4, 1.0): (0.45968253968253975, 1.7333333333333334) in 9.93s
327/675 (5, 1000, 0.1, 2, 6, 6.0, 10, 12, 0.01, 0.001, 0.5, 5.0, 4, 1.0): (0.5019047619047621, 1.6333333333333333) in 71.66s
328/675 (5, 1000, 0.1, 2, 6, 6.0, 10, 12, 0.01, 0.001, 0.75, 0.2, 4, 1.0): (0.4266666666666668, 1.3666666666666667) in 10.10s
329/675 (5, 1000, 0.1, 2, 6, 6.0, 10, 12, 0.01, 0.001, 0.75, 1.0, 4, 1.0): (0.46222222222222237, 1.7333333333333334) in 9.91s
330/675 (5, 1000, 0.1, 2, 6, 6.0, 10, 12, 0.01, 0.001, 0.75, 5.0, 4, 1.0): (0.5410317460317462, 2.2333333333333334) in 13.09s
331/675 (5, 1000, 0.1, 2, 6, 6.0, 10, 12, 0.01, 0.001, 0.9, 0.2, 4, 1.0): (0.4501587301587303, 1.7666666666666666) in 10.25s
332/675 (5, 1000, 0.1, 2, 6, 6.0, 10, 12, 0.01, 0.001, 0.9, 1.0, 4, 1.0): (0.4266666666666668, 1.3333333333333333) in 9.87s
333/675 (5, 1000, 0.1, 2, 6, 6.0, 10, 12, 0.01, 0.001, 0.9, 5.0, 4, 1.0): (0.47936507936507955, 1.5) in 11.73s
334/675 (5, 1000, 0.1, 2, 6, 6.0, 10, 12, 0.01, 0.01, 0.5, 0.2, 4, 1.0): (0.4234920634920637, 1.4333333333333333) in 11.30s
335/675 (5, 1000, 0.1, 2, 6, 6.0, 10, 12, 0.01, 0.01, 0.5, 1.0, 4, 1.0): (0.47444444444444456, 2.1) in 10.85s
336/675 (5, 1000, 0.1, 2, 6, 6.0, 10, 12, 0.01, 0.01, 0.5, 5.0, 4, 1.0): (0.5322222222222223, 1.7333333333333334) in 33.95s
337/675 (5, 1000, 0.1, 2, 6, 6.0, 10, 12, 0.01, 0.01, 0.75, 0.2, 4, 1.0): (0.42666666666666686, 1.5) in 10.86s
338/675 (5, 1000, 0.1, 2, 6, 6.0, 10, 12, 0.01, 0.01, 0.75, 1.0, 4, 1.0): (0.47746031746031753, 2.033333333333333) in 10.44s
339/675 (5, 1000, 0.1, 2, 6, 6.0, 10, 12, 0.01, 0.01, 0.75, 5.0, 4, 1.0): (0.49936507936507957, 1.5666666666666667) in 10.92s
340/675 (5, 1000, 0.1, 2, 6, 6.0, 10, 12, 0.01, 0.01, 0.9, 0.2, 4, 1.0): (0.42666666666666686, 1.2) in 10.75s
341/675 (5, 1000, 0.1, 2, 6, 6.0, 10, 12, 0.01, 0.01, 0.9, 1.0, 4, 1.0): (0.4323809523809526, 1.4) in 9.80s
342/675 (5, 1000, 0.1, 2, 6, 6.0, 10, 12, 0.01, 0.01, 0.9, 5.0, 4, 1.0): (0.5174603174603176, 2.2333333333333334) in 12.22s
343/675 (5, 1000, 0.1, 2, 6, 6.0, 10, 12, 0.01, 0.05, 0.5, 0.2, 4, 1.0): (0.41777777777777797, 1.1666666666666667) in 13.58s
344/675 (5, 1000, 0.1, 2, 6, 6.0, 10, 12, 0.01, 0.05, 0.5, 1.0, 4, 1.0): (0.4711111111111112, 1.9333333333333333) in 10.94s
345/675 (5, 1000, 0.1, 2, 6, 6.0, 10, 12, 0.01, 0.05, 0.5, 5.0, 4, 1.0): (0.5053968253968255, 1.8666666666666667) in 36.35s
346/675 (5, 1000, 0.1, 2, 6, 6.0, 10, 12, 0.01, 0.05, 0.75, 0.2, 4, 1.0): (0.42666666666666686, 1.3) in 13.25s
347/675 (5, 1000, 0.1, 2, 6, 6.0, 10, 12, 0.01, 0.05, 0.75, 1.0, 4, 1.0): (0.48888888888888893, 2.0) in 10.72s
348/675 (5, 1000, 0.1, 2, 6, 6.0, 10, 12, 0.01, 0.05, 0.75, 5.0, 4, 1.0): (0.5295238095238097, 2.2) in 21.12s
349/675 (5, 1000, 0.1, 2, 6, 6.0, 10, 12, 0.01, 0.05, 0.9, 0.2, 4, 1.0): (0.41777777777777797, 1.2333333333333334) in 13.01s
350/675 (5, 1000, 0.1, 2, 6, 6.0, 10, 12, 0.01, 0.05, 0.9, 1.0, 4, 1.0): (0.46222222222222237, 1.9333333333333333) in 10.63s
351/675 (5, 1000, 0.1, 2, 6, 6.0, 10, 12, 0.01, 0.05, 0.9, 5.0, 4, 1.0): (0.46222222222222237, 1.6) in 9.81s
352/675 (5, 1000, 0.1, 2, 6, 6.0, 10, 12, 0.01, 0.1, 0.5, 0.2, 4, 1.0): (0.408888888888889, 1.1666666666666667) in 16.85s
353/675 (5, 1000, 0.1, 2, 6, 6.0, 10, 12, 0.01, 0.1, 0.5, 1.0, 4, 1.0): (0.5155555555555557, 2.2666666666666666) in 11.93s
354/675 (5, 1000, 0.1, 2, 6, 6.0, 10, 12, 0.01, 0.1, 0.5, 5.0, 4, 1.0): (0.5525396825396826, 2.5) in 15.68s
355/675 (5, 1000, 0.1, 2, 6, 6.0, 10, 12, 0.01, 0.1, 0.75, 0.2, 4, 1.0): (0.417777777777778, 1.1666666666666667) in 16.54s
356/675 (5, 1000, 0.1, 2, 6, 6.0, 10, 12, 0.01, 0.1, 0.75, 1.0, 4, 1.0): (0.417777777777778, 1.2666666666666666) in 11.09s
357/675 (5, 1000, 0.1, 2, 6, 6.0, 10, 12, 0.01, 0.1, 0.75, 5.0, 4, 1.0): (0.5031746031746033, 1.9333333333333333) in 11.29s
358/675 (5, 1000, 0.1, 2, 6, 6.0, 10, 12, 0.01, 0.1, 0.9, 0.2, 4, 1.0): (0.4057142857142859, 1.1) in 15.64s
359/675 (5, 1000, 0.1, 2, 6, 6.0, 10, 12, 0.01, 0.1, 0.9, 1.0, 4, 1.0): (0.45015873015873026, 1.6666666666666667) in 11.13s
360/675 (5, 1000, 0.1, 2, 6, 6.0, 10, 12, 0.01, 0.1, 0.9, 5.0, 4, 1.0): (0.49777777777777776, 2.066666666666667) in 11.78s
361/675 (5, 1000, 0.1, 2, 6, 6.0, 10, 12, 0.02, 0.0, 0.5, 0.2, 4, 1.0): (0.48000000000000015, 2.0) in 13.62s
362/675 (5, 1000, 0.1, 2, 6, 6.0, 10, 12, 0.02, 0.0, 0.5, 1.0, 4, 1.0): (0.4717460317460319, 1.9) in 11.64s
363/675 (5, 1000, 0.1, 2, 6, 6.0, 10, 12, 0.02, 0.0, 0.5, 5.0, 4, 1.0): (0.437777777777778, 1.3666666666666667) in 10.86s
364/675 (5, 1000, 0.1, 2, 6, 6.0, 10, 12, 0.02, 0.0, 0.75, 0.2, 4, 1.0): (0.4088888888888891, 1.0666666666666667) in 13.29s
365/675 (5, 1000, 0.1, 2, 6, 6.0, 10, 12, 0.02, 0.0, 0.75, 1.0, 4, 1.0): (0.4412698412698414, 1.6) in 10.96s
366/675 (5, 1000, 0.1, 2, 6, 6.0, 10, 12, 0.02, 0.0, 0.75, 5.0, 4, 1.0): (0.5482539682539684, 2.033333333333333) in 47.19s
367/675 (5, 1000, 0.1, 2, 6, 6.0, 10, 12, 0.02, 0.0, 0.9, 0.2, 4, 1.0): (0.44444444444444464, 1.4333333333333333) in 13.04s
368/675 (5, 1000, 0.1, 2, 6, 6.0, 10, 12, 0.02, 0.0, 0.9, 1.0, 4, 1.0): (0.4952380952380953, 1.9666666666666666) in 10.98s
369/675 (5, 1000, 0.1, 2, 6, 6.0, 10, 12, 0.02, 0.0, 0.9, 5.0, 4, 1.0): (0.4555555555555557, 1.5) in 10.97s
370/675 (5, 1000, 0.1, 2, 6, 6.0, 10, 12, 0.02, 0.001, 0.5, 0.2, 4, 1.0): (0.42666666666666686, 1.3333333333333333) in 13.20s
371/675 (5, 1000, 0.1, 2, 6, 6.0, 10, 12, 0.02, 0.001, 0.5, 1.0, 4, 1.0): (0.4984126984126985, 2.5) in 12.29s
372/675 (5, 1000, 0.1, 2, 6, 6.0, 10, 12, 0.02, 0.001, 0.5, 5.0, 4, 1.0): (0.5104761904761906, 1.6333333333333333) in 13.24s
373/675 (5, 1000, 0.1, 2, 6, 6.0, 10, 12, 0.02, 0.001, 0.75, 0.2, 4, 1.0): (0.4444444444444446, 1.4) in 12.74s
374/675 (5, 1000, 0.1, 2, 6, 6.0, 10, 12, 0.02, 0.001, 0.75, 1.0, 4, 1.0): (0.4946031746031746, 2.433333333333333) in 10.99s
375/675 (5, 1000, 0.1, 2, 6, 6.0, 10, 12, 0.02, 0.001, 0.75, 5.0, 4, 1.0): (0.5155555555555557, 1.7333333333333334) in 12.29s
376/675 (5, 1000, 0.1, 2, 6, 6.0, 10, 12, 0.02, 0.001, 0.9, 0.2, 4, 1.0): (0.4479365079365081, 1.6) in 13.10s
377/675 (5, 1000, 0.1, 2, 6, 6.0, 10, 12, 0.02, 0.001, 0.9, 1.0, 4, 1.0): (0.4501587301587303, 1.7333333333333334) in 11.37s
378/675 (5, 1000, 0.1, 2, 6, 6.0, 10, 12, 0.02, 0.001, 0.9, 5.0, 4, 1.0): (0.4619047619047621, 1.4666666666666666) in 11.25s
379/675 (5, 1000, 0.1, 2, 6, 6.0, 10, 12, 0.02, 0.01, 0.5, 0.2, 4, 1.0): (0.43555555555555575, 1.3) in 14.52s
380/675 (5, 1000, 0.1, 2, 6, 6.0, 10, 12, 0.02, 0.01, 0.5, 1.0, 4, 1.0): (0.5058730158730159, 2.3) in 12.31s
381/675 (5, 1000, 0.1, 2, 6, 6.0, 10, 12, 0.02, 0.01, 0.5, 5.0, 4, 1.0): (0.5377777777777779, 1.7666666666666666) in 26.81s
382/675 (5, 1000, 0.1, 2, 6, 6.0, 10, 12, 0.02, 0.01, 0.75, 0.2, 4, 1.0): (0.4444444444444446, 1.5666666666666667) in 13.71s
383/675 (5, 1000, 0.1, 2, 6, 6.0, 10, 12, 0.02, 0.01, 0.75, 1.0, 4, 1.0): (0.47746031746031753, 2.066666666666667) in 11.49s
384/675 (5, 1000, 0.1, 2, 6, 6.0, 10, 12, 0.02, 0.01, 0.75, 5.0, 4, 1.0): (0.4723809523809526, 1.5333333333333334) in 17.45s
385/675 (5, 1000, 0.1, 2, 6, 6.0, 10, 12, 0.02, 0.01, 0.9, 0.2, 4, 1.0): (0.4323809523809526, 1.3333333333333333) in 13.97s
386/675 (5, 1000, 0.1, 2, 6, 6.0, 10, 12, 0.02, 0.01, 0.9, 1.0, 4, 1.0): (0.513015873015873, 2.533333333333333) in 11.03s
387/675 (5, 1000, 0.1, 2, 6, 6.0, 10, 12, 0.02, 0.01, 0.9, 5.0, 4, 1.0): (0.5079365079365081, 1.8333333333333333) in 12.72s
388/675 (5, 1000, 0.1, 2, 6, 6.0, 10, 12, 0.02, 0.05, 0.5, 0.2, 4, 1.0): (0.41777777777777797, 1.1333333333333333) in 18.30s
389/675 (5, 1000, 0.1, 2, 6, 6.0, 10, 12, 0.02, 0.05, 0.5, 1.0, 4, 1.0): (0.513015873015873, 2.3333333333333335) in 12.64s
390/675 (5, 1000, 0.1, 2, 6, 6.0, 10, 12, 0.02, 0.05, 0.5, 5.0, 4, 1.0): (0.5060317460317463, 1.8) in 23.47s
391/675 (5, 1000, 0.1, 2, 6, 6.0, 10, 12, 0.02, 0.05, 0.75, 0.2, 4, 1.0): (0.43555555555555575, 1.3333333333333333) in 17.23s
392/675 (5, 1000, 0.1, 2, 6, 6.0, 10, 12, 0.02, 0.05, 0.75, 1.0, 4, 1.0): (0.43888888888888905, 1.4333333333333333) in 12.27s
393/675 (5, 1000, 0.1, 2, 6, 6.0, 10, 12, 0.02, 0.05, 0.75, 5.0, 4, 1.0): (0.48952380952380964, 1.9333333333333333) in 17.05s
394/675 (5, 1000, 0.1, 2, 6, 6.0, 10, 12, 0.02, 0.05, 0.9, 0.2, 4, 1.0): (0.43555555555555575, 1.3333333333333333) in 17.18s
395/675 (5, 1000, 0.1, 2, 6, 6.0, 10, 12, 0.02, 0.05, 0.9, 1.0, 4, 1.0): (0.43555555555555564, 1.5) in 12.12s
396/675 (5, 1000, 0.1, 2, 6, 6.0, 10, 12, 0.02, 0.05, 0.9, 5.0, 4, 1.0): (0.5263492063492065, 2.0) in 11.61s
397/675 (5, 1000, 0.1, 2, 6, 6.0, 10, 12, 0.02, 0.1, 0.5, 0.2, 4, 1.0): (0.4088888888888891, 1.0666666666666667) in 22.59s
398/675 (5, 1000, 0.1, 2, 6, 6.0, 10, 12, 0.02, 0.1, 0.5, 1.0, 4, 1.0): (0.48666666666666675, 1.9) in 13.77s
399/675 (5, 1000, 0.1, 2, 6, 6.0, 10, 12, 0.02, 0.1, 0.5, 5.0, 4, 1.0): (0.5462698412698413, 2.533333333333333) in 20.37s
400/675 (5, 1000, 0.1, 2, 6, 6.0, 10, 12, 0.02, 0.1, 0.75, 0.2, 4, 1.0): (0.408888888888889, 1.1333333333333333) in 20.67s
401/675 (5, 1000, 0.1, 2, 6, 6.0, 10, 12, 0.02, 0.1, 0.75, 1.0, 4, 1.0): (0.4533333333333334, 1.5) in 13.14s
402/675 (5, 1000, 0.1, 2, 6, 6.0, 10, 12, 0.02, 0.1, 0.75, 5.0, 4, 1.0): (0.4685714285714287, 1.8) in 11.79s
403/675 (5, 1000, 0.1, 2, 6, 6.0, 10, 12, 0.02, 0.1, 0.9, 0.2, 4, 1.0): (0.4211111111111113, 1.2) in 20.17s
404/675 (5, 1000, 0.1, 2, 6, 6.0, 10, 12, 0.02, 0.1, 0.9, 1.0, 4, 1.0): (0.5100000000000001, 2.4) in 13.02s
405/675 (5, 1000, 0.1, 2, 6, 6.0, 10, 12, 0.02, 0.1, 0.9, 5.0, 4, 1.0): (0.48317460317460337, 2.2) in 11.47s
406/675 (5, 1000, 0.1, 2, 6, 6.0, 10, 12, 0.05, 0.0, 0.5, 0.2, 4, 1.0): (0.5157142857142858, 2.3) in 25.59s
407/675 (5, 1000, 0.1, 2, 6, 6.0, 10, 12, 0.05, 0.0, 0.5, 1.0, 4, 1.0): (0.5663492063492064, 2.933333333333333) in 17.55s
408/675 (5, 1000, 0.1, 2, 6, 6.0, 10, 12, 0.05, 0.0, 0.5, 5.0, 4, 1.0): (0.48825396825396844, 1.6) in 35.64s
409/675 (5, 1000, 0.1, 2, 6, 6.0, 10, 12, 0.05, 0.0, 0.75, 0.2, 4, 1.0): (0.4922222222222223, 1.9666666666666666) in 24.63s
410/675 (5, 1000, 0.1, 2, 6, 6.0, 10, 12, 0.05, 0.0, 0.75, 1.0, 4, 1.0): (0.5101587301587301, 2.3333333333333335) in 16.02s
411/675 (5, 1000, 0.1, 2, 6, 6.0, 10, 12, 0.05, 0.0, 0.75, 5.0, 4, 1.0): (0.4733333333333335, 1.5333333333333334) in 19.13s
412/675 (5, 1000, 0.1, 2, 6, 6.0, 10, 12, 0.05, 0.0, 0.9, 0.2, 4, 1.0): (0.5188888888888888, 2.1) in 23.30s
413/675 (5, 1000, 0.1, 2, 6, 6.0, 10, 12, 0.05, 0.0, 0.9, 1.0, 4, 1.0): (0.5003174603174604, 2.1) in 15.74s
414/675 (5, 1000, 0.1, 2, 6, 6.0, 10, 12, 0.05, 0.0, 0.9, 5.0, 4, 1.0): (0.46825396825396837, 1.5666666666666667) in 14.06s
415/675 (5, 1000, 0.1, 2, 6, 6.0, 10, 12, 0.05, 0.001, 0.5, 0.2, 4, 1.0): (0.5390476190476191, 2.2333333333333334) in 25.06s
416/675 (5, 1000, 0.1, 2, 6, 6.0, 10, 12, 0.05, 0.001, 0.5, 1.0, 4, 1.0): (0.5334920634920635, 2.566666666666667) in 16.08s
417/675 (5, 1000, 0.1, 2, 6, 6.0, 10, 12, 0.05, 0.001, 0.5, 5.0, 4, 1.0): (0.49777777777777793, 1.5666666666666667) in 20.27s
418/675 (5, 1000, 0.1, 2, 6, 6.0, 10, 12, 0.05, 0.001, 0.75, 0.2, 4, 1.0): (0.5333333333333333, 2.1333333333333333) in 23.90s
419/675 (5, 1000, 0.1, 2, 6, 6.0, 10, 12, 0.05, 0.001, 0.75, 1.0, 4, 1.0): (0.5399999999999998, 2.566666666666667) in 15.24s
420/675 (5, 1000, 0.1, 2, 6, 6.0, 10, 12, 0.05, 0.001, 0.75, 5.0, 4, 1.0): (0.5149206349206351, 1.8333333333333333) in 24.46s
421/675 (5, 1000, 0.1, 2, 6, 6.0, 10, 12, 0.05, 0.001, 0.9, 0.2, 4, 1.0): (0.4922222222222223, 1.9666666666666666) in 23.53s
422/675 (5, 1000, 0.1, 2, 6, 6.0, 10, 12, 0.05, 0.001, 0.9, 1.0, 4, 1.0): (0.5244444444444445, 2.566666666666667) in 15.35s
423/675 (5, 1000, 0.1, 2, 6, 6.0, 10, 12, 0.05, 0.001, 0.9, 5.0, 4, 1.0): (0.5092063492063493, 1.7666666666666666) in 22.49s
424/675 (5, 1000, 0.1, 2, 6, 6.0, 10, 12, 0.05, 0.01, 0.5, 0.2, 4, 1.0): (0.4834920634920637, 1.9) in 25.97s
425/675 (5, 1000, 0.1, 2, 6, 6.0, 10, 12, 0.05, 0.01, 0.5, 1.0, 4, 1.0): (0.5212698412698412, 2.433333333333333) in 16.62s
426/675 (5, 1000, 0.1, 2, 6, 6.0, 10, 12, 0.05, 0.01, 0.5, 5.0, 4, 1.0): (0.46666666666666684, 1.4666666666666666) in 19.76s
427/675 (5, 1000, 0.1, 2, 6, 6.0, 10, 12, 0.05, 0.01, 0.75, 0.2, 4, 1.0): (0.5100000000000001, 2.066666666666667) in 24.68s
428/675 (5, 1000, 0.1, 2, 6, 6.0, 10, 12, 0.05, 0.01, 0.75, 1.0, 4, 1.0): (0.5155555555555557, 2.033333333333333) in 16.21s
429/675 (5, 1000, 0.1, 2, 6, 6.0, 10, 12, 0.05, 0.01, 0.75, 5.0, 4, 1.0): (0.5326984126984128, 2.1) in 17.39s
430/675 (5, 1000, 0.1, 2, 6, 6.0, 10, 12, 0.05, 0.01, 0.9, 0.2, 4, 1.0): (0.44777777777777794, 1.6) in 24.46s
431/675 (5, 1000, 0.1, 2, 6, 6.0, 10, 12, 0.05, 0.01, 0.9, 1.0, 4, 1.0): (0.5066666666666667, 2.1333333333333333) in 15.96s
432/675 (5, 1000, 0.1, 2, 6, 6.0, 10, 12, 0.05, 0.01, 0.9, 5.0, 4, 1.0): (0.5076190476190479, 1.9) in 15.25s
433/675 (5, 1000, 0.1, 2, 6, 6.0, 10, 12, 0.05, 0.05, 0.5, 0.2, 4, 1.0): (0.4934920634920636, 1.9666666666666666) in 32.99s
434/675 (5, 1000, 0.1, 2, 6, 6.0, 10, 12, 0.05, 0.05, 0.5, 1.0, 4, 1.0): (0.5279365079365079, 2.2333333333333334) in 17.74s
435/675 (5, 1000, 0.1, 2, 6, 6.0, 10, 12, 0.05, 0.05, 0.5, 5.0, 4, 1.0): (0.5301587301587303, 1.9333333333333333) in 21.65s
436/675 (5, 1000, 0.1, 2, 6, 6.0, 10, 12, 0.05, 0.05, 0.75, 0.2, 4, 1.0): (0.49793650793650795, 2.1666666666666665) in 29.54s
437/675 (5, 1000, 0.1, 2, 6, 6.0, 10, 12, 0.05, 0.05, 0.75, 1.0, 4, 1.0): (0.5011111111111111, 2.0) in 17.29s
438/675 (5, 1000, 0.1, 2, 6, 6.0, 10, 12, 0.05, 0.05, 0.75, 5.0, 4, 1.0): (0.5038095238095239, 1.9666666666666666) in 25.18s
439/675 (5, 1000, 0.1, 2, 6, 6.0, 10, 12, 0.05, 0.05, 0.9, 0.2, 4, 1.0): (0.4711111111111112, 1.7333333333333334) in 28.42s
440/675 (5, 1000, 0.1, 2, 6, 6.0, 10, 12, 0.05, 0.05, 0.9, 1.0, 4, 1.0): (0.5196825396825396, 2.566666666666667) in 17.79s
441/675 (5, 1000, 0.1, 2, 6, 6.0, 10, 12, 0.05, 0.05, 0.9, 5.0, 4, 1.0): (0.5041269841269841, 2.1666666666666665) in 13.99s
442/675 (5, 1000, 0.1, 2, 6, 6.0, 10, 12, 0.05, 0.1, 0.5, 0.2, 4, 1.0): (0.4903174603174604, 2.2333333333333334) in 38.18s
443/675 (5, 1000, 0.1, 2, 6, 6.0, 10, 12, 0.05, 0.1, 0.5, 1.0, 4, 1.0): (0.5038888888888889, 2.1333333333333333) in 20.60s
444/675 (5, 1000, 0.1, 2, 6, 6.0, 10, 12, 0.05, 0.1, 0.5, 5.0, 4, 1.0): (0.4976984126984129, 1.8) in 27.37s
445/675 (5, 1000, 0.1, 2, 6, 6.0, 10, 12, 0.05, 0.1, 0.75, 0.2, 4, 1.0): (0.4600000000000001, 1.7333333333333334) in 33.70s
446/675 (5, 1000, 0.1, 2, 6, 6.0, 10, 12, 0.05, 0.1, 0.75, 1.0, 4, 1.0): (0.4977777777777778, 1.9) in 19.28s
447/675 (5, 1000, 0.1, 2, 6, 6.0, 10, 12, 0.05, 0.1, 0.75, 5.0, 4, 1.0): (0.5357936507936508, 2.533333333333333) in 16.93s
448/675 (5, 1000, 0.1, 2, 6, 6.0, 10, 12, 0.05, 0.1, 0.9, 0.2, 4, 1.0): (0.4452380952380954, 1.4666666666666666) in 32.06s
449/675 (5, 1000, 0.1, 2, 6, 6.0, 10, 12, 0.05, 0.1, 0.9, 1.0, 4, 1.0): (0.526984126984127, 2.7) in 19.01s
450/675 (5, 1000, 0.1, 2, 6, 6.0, 10, 12, 0.05, 0.1, 0.9, 5.0, 4, 1.0): (0.4952380952380953, 2.2) in 14.84s
451/675 (5, 1000, 0.1, 2, 6, 10.0, 10, 12, 0.0, 0.0, 0.5, 0.2, 4, 1.0): (0.39333333333333353, 2.2666666666666666) in 8.68s
452/675 (5, 1000, 0.1, 2, 6, 10.0, 10, 12, 0.0, 0.0, 0.5, 1.0, 4, 1.0): (0.47047619047619066, 2.3333333333333335) in 8.98s
453/675 (5, 1000, 0.1, 2, 6, 10.0, 10, 12, 0.0, 0.0, 0.5, 5.0, 4, 1.0): (0.5666666666666668, 1.9333333333333333) in 28.22s
454/675 (5, 1000, 0.1, 2, 6, 10.0, 10, 12, 0.0, 0.0, 0.75, 0.2, 4, 1.0): (0.408888888888889, 1.6) in 8.51s
455/675 (5, 1000, 0.1, 2, 6, 10.0, 10, 12, 0.0, 0.0, 0.75, 1.0, 4, 1.0): (0.4861111111111112, 2.1) in 8.68s
456/675 (5, 1000, 0.1, 2, 6, 10.0, 10, 12, 0.0, 0.0, 0.75, 5.0, 4, 1.0): (0.4952380952380954, 1.5) in 20.04s
457/675 (5, 1000, 0.1, 2, 6, 10.0, 10, 12, 0.0, 0.0, 0.9, 0.2, 4, 1.0): (0.4088888888888891, 2.3333333333333335) in 8.66s
458/675 (5, 1000, 0.1, 2, 6, 10.0, 10, 12, 0.0, 0.0, 0.9, 1.0, 4, 1.0): (0.48000000000000015, 2.1333333333333333) in 8.74s
459/675 (5, 1000, 0.1, 2, 6, 10.0, 10, 12, 0.0, 0.0, 0.9, 5.0, 4, 1.0): (0.5224603174603176, 1.9333333333333333) in 37.50s
460/675 (5, 1000, 0.1, 2, 6, 10.0, 10, 12, 0.0, 0.001, 0.5, 0.2, 4, 1.0): (0.3866666666666668, 1.9333333333333333) in 8.40s
461/675 (5, 1000, 0.1, 2, 6, 10.0, 10, 12, 0.0, 0.001, 0.5, 1.0, 4, 1.0): (0.4533333333333334, 2.0) in 9.84s
462/675 (5, 1000, 0.1, 2, 6, 10.0, 10, 12, 0.0, 0.001, 0.5, 5.0, 4, 1.0): (0.49301587301587324, 1.6666666666666667) in 11.42s
463/675 (5, 1000, 0.1, 2, 6, 10.0, 10, 12, 0.0, 0.001, 0.75, 0.2, 4, 1.0): (0.41373737373737396, 2.066666666666667) in 8.47s
464/675 (5, 1000, 0.1, 2, 6, 10.0, 10, 12, 0.0, 0.001, 0.75, 1.0, 4, 1.0): (0.4844444444444445, 2.2333333333333334) in 9.11s
465/675 (5, 1000, 0.1, 2, 6, 10.0, 10, 12, 0.0, 0.001, 0.75, 5.0, 4, 1.0): (0.5390476190476191, 1.9666666666666666) in 10.51s
466/675 (5, 1000, 0.1, 2, 6, 10.0, 10, 12, 0.0, 0.001, 0.9, 0.2, 4, 1.0): (0.4088888888888891, 1.7) in 8.99s
467/675 (5, 1000, 0.1, 2, 6, 10.0, 10, 12, 0.0, 0.001, 0.9, 1.0, 4, 1.0): (0.4380952380952383, 1.8) in 10.10s
468/675 (5, 1000, 0.1, 2, 6, 10.0, 10, 12, 0.0, 0.001, 0.9, 5.0, 4, 1.0): (0.44444444444444464, 1.6333333333333333) in 9.25s
469/675 (5, 1000, 0.1, 2, 6, 10.0, 10, 12, 0.0, 0.01, 0.5, 0.2, 4, 1.0): (0.4203174603174605, 1.4666666666666666) in 8.88s
470/675 (5, 1000, 0.1, 2, 6, 10.0, 10, 12, 0.0, 0.01, 0.5, 1.0, 4, 1.0): (0.500952380952381, 2.3666666666666667) in 9.51s
471/675 (5, 1000, 0.1, 2, 6, 10.0, 10, 12, 0.0, 0.01, 0.5, 5.0, 4, 1.0): (0.541904761904762, 1.9666666666666666) in 48.99s
472/675 (5, 1000, 0.1, 2, 6, 10.0, 10, 12, 0.0, 0.01, 0.75, 0.2, 4, 1.0): (0.408888888888889, 1.2333333333333334) in 8.67s
473/675 (5, 1000, 0.1, 2, 6, 10.0, 10, 12, 0.0, 0.01, 0.75, 1.0, 4, 1.0): (0.42690476190476206, 1.3333333333333333) in 8.60s
474/675 (5, 1000, 0.1, 2, 6, 10.0, 10, 12, 0.0, 0.01, 0.75, 5.0, 4, 1.0): (0.5952380952380952, 2.466666666666667) in 19.91s
475/675 (5, 1000, 0.1, 2, 6, 10.0, 10, 12, 0.0, 0.01, 0.9, 0.2, 4, 1.0): (0.4000000000000002, 1.0) in 8.59s
476/675 (5, 1000, 0.1, 2, 6, 10.0, 10, 12, 0.0, 0.01, 0.9, 1.0, 4, 1.0): (0.5066666666666666, 2.4) in 9.28s
477/675 (5, 1000, 0.1, 2, 6, 10.0, 10, 12, 0.0, 0.01, 0.9, 5.0, 4, 1.0): (0.5596825396825398, 2.1666666666666665) in 9.42s
478/675 (5, 1000, 0.1, 2, 6, 10.0, 10, 12, 0.0, 0.05, 0.5, 0.2, 4, 1.0): (0.42666666666666686, 1.4666666666666666) in 9.41s
479/675 (5, 1000, 0.1, 2, 6, 10.0, 10, 12, 0.0, 0.05, 0.5, 1.0, 4, 1.0): (0.47111111111111126, 2.066666666666667) in 9.48s
480/675 (5, 1000, 0.1, 2, 6, 10.0, 10, 12, 0.0, 0.05, 0.5, 5.0, 4, 1.0): (0.5371428571428573, 2.0) in 21.49s
481/675 (5, 1000, 0.1, 2, 6, 10.0, 10, 12, 0.0, 0.05, 0.75, 0.2, 4, 1.0): (0.41777777777777797, 1.3) in 8.99s
482/675 (5, 1000, 0.1, 2, 6, 10.0, 10, 12, 0.0, 0.05, 0.75, 1.0, 4, 1.0): (0.48269841269841274, 2.2) in 9.33s
483/675 (5, 1000, 0.1, 2, 6, 10.0, 10, 12, 0.0, 0.05, 0.75, 5.0, 4, 1.0): (0.5295238095238096, 2.2) in 14.14s
484/675 (5, 1000, 0.1, 2, 6, 10.0, 10, 12, 0.0, 0.05, 0.9, 0.2, 4, 1.0): (0.43555555555555575, 1.6333333333333333) in 8.91s
485/675 (5, 1000, 0.1, 2, 6, 10.0, 10, 12, 0.0, 0.05, 0.9, 1.0, 4, 1.0): (0.4801587301587303, 2.533333333333333) in 9.14s
486/675 (5, 1000, 0.1, 2, 6, 10.0, 10, 12, 0.0, 0.05, 0.9, 5.0, 4, 1.0): (0.5382539682539684, 2.1) in 13.04s
487/675 (5, 1000, 0.1, 2, 6, 10.0, 10, 12, 0.0, 0.1, 0.5, 0.2, 4, 1.0): (0.4033333333333335, 1.1666666666666667) in 9.91s
488/675 (5, 1000, 0.1, 2, 6, 10.0, 10, 12, 0.0, 0.1, 0.5, 1.0, 4, 1.0): (0.47682539682539693, 2.1) in 9.73s
489/675 (5, 1000, 0.1, 2, 6, 10.0, 10, 12, 0.0, 0.1, 0.5, 5.0, 4, 1.0): (0.4806349206349207, 2.1) in 23.78s
490/675 (5, 1000, 0.1, 2, 6, 10.0, 10, 12, 0.0, 0.1, 0.75, 0.2, 4, 1.0): (0.41142857142857164, 1.4) in 9.30s
491/675 (5, 1000, 0.1, 2, 6, 10.0, 10, 12, 0.0, 0.1, 0.75, 1.0, 4, 1.0): (0.4622222222222224, 1.9333333333333333) in 9.47s
492/675 (5, 1000, 0.1, 2, 6, 10.0, 10, 12, 0.0, 0.1, 0.75, 5.0, 4, 1.0): (0.5563492063492065, 2.7) in 12.64s
493/675 (5, 1000, 0.1, 2, 6, 10.0, 10, 12, 0.0, 0.1, 0.9, 0.2, 4, 1.0): (0.4088888888888891, 1.2) in 9.07s
494/675 (5, 1000, 0.1, 2, 6, 10.0, 10, 12, 0.0, 0.1, 0.9, 1.0, 4, 1.0): (0.41222222222222243, 1.3) in 9.68s
495/675 (5, 1000, 0.1, 2, 6, 10.0, 10, 12, 0.0, 0.1, 0.9, 5.0, 4, 1.0): (0.565873015873016, 2.6333333333333333) in 11.11s
496/675 (5, 1000, 0.1, 2, 6, 10.0, 10, 12, 0.001, 0.0, 0.5, 0.2, 4, 1.0): (0.3866666666666668, 1.5) in 8.76s
497/675 (5, 1000, 0.1, 2, 6, 10.0, 10, 12, 0.001, 0.0, 0.5, 1.0, 4, 1.0): (0.4374603174603176, 1.8666666666666667) in 9.12s
498/675 (5, 1000, 0.1, 2, 6, 10.0, 10, 12, 0.001, 0.0, 0.5, 5.0, 4, 1.0): (0.5122222222222225, 1.6666666666666667) in 9.26s
499/675 (5, 1000, 0.1, 2, 6, 10.0, 10, 12, 0.001, 0.0, 0.75, 0.2, 4, 1.0): (0.41222222222222243, 1.6666666666666667) in 8.59s
500/675 (5, 1000, 0.1, 2, 6, 10.0, 10, 12, 0.001, 0.0, 0.75, 1.0, 4, 1.0): (0.45206349206349217, 1.8666666666666667) in 9.04s
501/675 (5, 1000, 0.1, 2, 6, 10.0, 10, 12, 0.001, 0.0, 0.75, 5.0, 4, 1.0): (0.5041269841269843, 1.7333333333333334) in 24.06s
502/675 (5, 1000, 0.1, 2, 6, 10.0, 10, 12, 0.001, 0.0, 0.9, 0.2, 4, 1.0): (0.4000000000000002, 1.5) in 8.63s
503/675 (5, 1000, 0.1, 2, 6, 10.0, 10, 12, 0.001, 0.0, 0.9, 1.0, 4, 1.0): (0.46793650793650804, 2.1666666666666665) in 8.84s
504/675 (5, 1000, 0.1, 2, 6, 10.0, 10, 12, 0.001, 0.0, 0.9, 5.0, 4, 1.0): (0.4663492063492065, 1.7666666666666666) in 10.28s
505/675 (5, 1000, 0.1, 2, 6, 10.0, 10, 12, 0.001, 0.001, 0.5, 0.2, 4, 1.0): (0.4155555555555558, 2.0) in 8.39s
506/675 (5, 1000, 0.1, 2, 6, 10.0, 10, 12, 0.001, 0.001, 0.5, 1.0, 4, 1.0): (0.4952380952380953, 2.1) in 8.42s
507/675 (5, 1000, 0.1, 2, 6, 10.0, 10, 12, 0.001, 0.001, 0.5, 5.0, 4, 1.0): (0.5355555555555557, 1.8333333333333333) in 17.97s
508/675 (5, 1000, 0.1, 2, 6, 10.0, 10, 12, 0.001, 0.001, 0.75, 0.2, 4, 1.0): (0.41222222222222243, 1.7) in 8.35s
509/675 (5, 1000, 0.1, 2, 6, 10.0, 10, 12, 0.001, 0.001, 0.75, 1.0, 4, 1.0): (0.4366666666666668, 1.5) in 8.60s
510/675 (5, 1000, 0.1, 2, 6, 10.0, 10, 12, 0.001, 0.001, 0.75, 5.0, 4, 1.0): (0.48857142857142877, 1.8333333333333333) in 8.40s
511/675 (5, 1000, 0.1, 2, 6, 10.0, 10, 12, 0.001, 0.001, 0.9, 0.2, 4, 1.0): (0.3866666666666668, 1.4333333333333333) in 7.91s
512/675 (5, 1000, 0.1, 2, 6, 10.0, 10, 12, 0.001, 0.001, 0.9, 1.0, 4, 1.0): (0.4577777777777779, 2.2666666666666666) in 8.70s
513/675 (5, 1000, 0.1, 2, 6, 10.0, 10, 12, 0.001, 0.001, 0.9, 5.0, 4, 1.0): (0.5253968253968256, 1.9333333333333333) in 9.12s
514/675 (5, 1000, 0.1, 2, 6, 10.0, 10, 12, 0.001, 0.01, 0.5, 0.2, 4, 1.0): (0.41777777777777797, 1.2666666666666666) in 8.27s
515/675 (5, 1000, 0.1, 2, 6, 10.0, 10, 12, 0.001, 0.01, 0.5, 1.0, 4, 1.0): (0.5041269841269842, 2.2333333333333334) in 8.98s
516/675 (5, 1000, 0.1, 2, 6, 10.0, 10, 12, 0.001, 0.01, 0.5, 5.0, 4, 1.0): (0.5409523809523811, 2.0) in 37.11s
517/675 (5, 1000, 0.1, 2, 6, 10.0, 10, 12, 0.001, 0.01, 0.75, 0.2, 4, 1.0): (0.41777777777777797, 1.2333333333333334) in 8.26s
518/675 (5, 1000, 0.1, 2, 6, 10.0, 10, 12, 0.001, 0.01, 0.75, 1.0, 4, 1.0): (0.500952380952381, 2.466666666666667) in 8.95s
519/675 (5, 1000, 0.1, 2, 6, 10.0, 10, 12, 0.001, 0.01, 0.75, 5.0, 4, 1.0): (0.5693650793650794, 2.533333333333333) in 20.22s
520/675 (5, 1000, 0.1, 2, 6, 10.0, 10, 12, 0.001, 0.01, 0.9, 0.2, 4, 1.0): (0.4000000000000002, 1.0333333333333334) in 8.35s
521/675 (5, 1000, 0.1, 2, 6, 10.0, 10, 12, 0.001, 0.01, 0.9, 1.0, 4, 1.0): (0.43555555555555575, 1.6333333333333333) in 8.04s
522/675 (5, 1000, 0.1, 2, 6, 10.0, 10, 12, 0.001, 0.01, 0.9, 5.0, 4, 1.0): (0.47158730158730183, 1.7666666666666666) in 9.67s
523/675 (5, 1000, 0.1, 2, 6, 10.0, 10, 12, 0.001, 0.05, 0.5, 0.2, 4, 1.0): (0.41222222222222243, 1.2333333333333334) in 9.15s
524/675 (5, 1000, 0.1, 2, 6, 10.0, 10, 12, 0.001, 0.05, 0.5, 1.0, 4, 1.0): (0.488888888888889, 2.2) in 9.12s
525/675 (5, 1000, 0.1, 2, 6, 10.0, 10, 12, 0.001, 0.05, 0.5, 5.0, 4, 1.0): (0.615873015873016, 2.6) in 48.68s
526/675 (5, 1000, 0.1, 2, 6, 10.0, 10, 12, 0.001, 0.05, 0.75, 0.2, 4, 1.0): (0.4088888888888891, 1.2) in 8.91s
527/675 (5, 1000, 0.1, 2, 6, 10.0, 10, 12, 0.001, 0.05, 0.75, 1.0, 4, 1.0): (0.4501587301587303, 1.8666666666666667) in 8.54s
528/675 (5, 1000, 0.1, 2, 6, 10.0, 10, 12, 0.001, 0.05, 0.75, 5.0, 4, 1.0): (0.5676190476190476, 2.566666666666667) in 13.44s
529/675 (5, 1000, 0.1, 2, 6, 10.0, 10, 12, 0.001, 0.05, 0.9, 0.2, 4, 1.0): (0.4000000000000002, 1.0) in 8.54s
530/675 (5, 1000, 0.1, 2, 6, 10.0, 10, 12, 0.001, 0.05, 0.9, 1.0, 4, 1.0): (0.42666666666666686, 1.2666666666666666) in 8.46s
531/675 (5, 1000, 0.1, 2, 6, 10.0, 10, 12, 0.001, 0.05, 0.9, 5.0, 4, 1.0): (0.5193650793650794, 2.3666666666666667) in 8.89s
532/675 (5, 1000, 0.1, 2, 6, 10.0, 10, 12, 0.001, 0.1, 0.5, 0.2, 4, 1.0): (0.4444444444444446, 1.7333333333333334) in 9.34s
533/675 (5, 1000, 0.1, 2, 6, 10.0, 10, 12, 0.001, 0.1, 0.5, 1.0, 4, 1.0): (0.48000000000000015, 2.066666666666667) in 9.65s
534/675 (5, 1000, 0.1, 2, 6, 10.0, 10, 12, 0.001, 0.1, 0.5, 5.0, 4, 1.0): (0.5366666666666667, 2.1666666666666665) in 19.62s
535/675 (5, 1000, 0.1, 2, 6, 10.0, 10, 12, 0.001, 0.1, 0.75, 0.2, 4, 1.0): (0.41777777777777797, 1.3666666666666667) in 9.13s
536/675 (5, 1000, 0.1, 2, 6, 10.0, 10, 12, 0.001, 0.1, 0.75, 1.0, 4, 1.0): (0.44444444444444464, 1.5666666666666667) in 9.31s
537/675 (5, 1000, 0.1, 2, 6, 10.0, 10, 12, 0.001, 0.1, 0.75, 5.0, 4, 1.0): (0.5419047619047619, 2.3) in 14.66s
538/675 (5, 1000, 0.1, 2, 6, 10.0, 10, 12, 0.001, 0.1, 0.9, 0.2, 4, 1.0): (0.4146031746031748, 1.3) in 8.97s
539/675 (5, 1000, 0.1, 2, 6, 10.0, 10, 12, 0.001, 0.1, 0.9, 1.0, 4, 1.0): (0.4234920634920637, 1.3333333333333333) in 9.17s
540/675 (5, 1000, 0.1, 2, 6, 10.0, 10, 12, 0.001, 0.1, 0.9, 5.0, 4, 1.0): (0.5523809523809524, 2.3333333333333335) in 9.76s
541/675 (5, 1000, 0.1, 2, 6, 10.0, 10, 12, 0.01, 0.0, 0.5, 0.2, 4, 1.0): (0.43555555555555564, 1.3666666666666667) in 9.84s
542/675 (5, 1000, 0.1, 2, 6, 10.0, 10, 12, 0.01, 0.0, 0.5, 1.0, 4, 1.0): (0.45079365079365097, 1.7) in 9.44s
543/675 (5, 1000, 0.1, 2, 6, 10.0, 10, 12, 0.01, 0.0, 0.5, 5.0, 4, 1.0): (0.4966666666666668, 1.8333333333333333) in 13.56s
544/675 (5, 1000, 0.1, 2, 6, 10.0, 10, 12, 0.01, 0.0, 0.75, 0.2, 4, 1.0): (0.42666666666666686, 1.3) in 10.31s
545/675 (5, 1000, 0.1, 2, 6, 10.0, 10, 12, 0.01, 0.0, 0.75, 1.0, 4, 1.0): (0.4742857142857144, 2.066666666666667) in 9.59s
546/675 (5, 1000, 0.1, 2, 6, 10.0, 10, 12, 0.01, 0.0, 0.75, 5.0, 4, 1.0): (0.48666666666666686, 1.6) in 10.47s
547/675 (5, 1000, 0.1, 2, 6, 10.0, 10, 12, 0.01, 0.0, 0.9, 0.2, 4, 1.0): (0.417777777777778, 1.3) in 10.05s
548/675 (5, 1000, 0.1, 2, 6, 10.0, 10, 12, 0.01, 0.0, 0.9, 1.0, 4, 1.0): (0.4857142857142858, 2.2) in 9.33s
549/675 (5, 1000, 0.1, 2, 6, 10.0, 10, 12, 0.01, 0.0, 0.9, 5.0, 4, 1.0): (0.5365079365079367, 2.066666666666667) in 13.48s
550/675 (5, 1000, 0.1, 2, 6, 10.0, 10, 12, 0.01, 0.001, 0.5, 0.2, 4, 1.0): (0.41222222222222243, 1.2) in 10.33s
551/675 (5, 1000, 0.1, 2, 6, 10.0, 10, 12, 0.01, 0.001, 0.5, 1.0, 4, 1.0): (0.4838095238095239, 2.2) in 9.83s
552/675 (5, 1000, 0.1, 2, 6, 10.0, 10, 12, 0.01, 0.001, 0.5, 5.0, 4, 1.0): (0.44000000000000017, 1.2) in 23.87s
553/675 (5, 1000, 0.1, 2, 6, 10.0, 10, 12, 0.01, 0.001, 0.75, 0.2, 4, 1.0): (0.41777777777777797, 1.2) in 10.01s
554/675 (5, 1000, 0.1, 2, 6, 10.0, 10, 12, 0.01, 0.001, 0.75, 1.0, 4, 1.0): (0.4744444444444446, 2.1333333333333333) in 9.61s
555/675 (5, 1000, 0.1, 2, 6, 10.0, 10, 12, 0.01, 0.001, 0.75, 5.0, 4, 1.0): (0.48539682539682555, 1.7) in 9.80s
556/675 (5, 1000, 0.1, 2, 6, 10.0, 10, 12, 0.01, 0.001, 0.9, 0.2, 4, 1.0): (0.41523809523809546, 1.1333333333333333) in 10.06s
557/675 (5, 1000, 0.1, 2, 6, 10.0, 10, 12, 0.01, 0.001, 0.9, 1.0, 4, 1.0): (0.4857142857142858, 1.9666666666666666) in 10.27s
558/675 (5, 1000, 0.1, 2, 6, 10.0, 10, 12, 0.01, 0.001, 0.9, 5.0, 4, 1.0): (0.5126984126984129, 2.2) in 9.55s
559/675 (5, 1000, 0.1, 2, 6, 10.0, 10, 12, 0.01, 0.01, 0.5, 0.2, 4, 1.0): (0.41777777777777797, 1.1333333333333333) in 10.81s
560/675 (5, 1000, 0.1, 2, 6, 10.0, 10, 12, 0.01, 0.01, 0.5, 1.0, 4, 1.0): (0.49460317460317477, 2.4) in 10.33s
561/675 (5, 1000, 0.1, 2, 6, 10.0, 10, 12, 0.01, 0.01, 0.5, 5.0, 4, 1.0): (0.5307936507936509, 1.7666666666666666) in 27.27s
562/675 (5, 1000, 0.1, 2, 6, 10.0, 10, 12, 0.01, 0.01, 0.75, 0.2, 4, 1.0): (0.43555555555555575, 1.3666666666666667) in 10.78s
563/675 (5, 1000, 0.1, 2, 6, 10.0, 10, 12, 0.01, 0.01, 0.75, 1.0, 4, 1.0): (0.4655555555555557, 1.8666666666666667) in 9.54s
564/675 (5, 1000, 0.1, 2, 6, 10.0, 10, 12, 0.01, 0.01, 0.75, 5.0, 4, 1.0): (0.5326984126984128, 2.0) in 24.44s
565/675 (5, 1000, 0.1, 2, 6, 10.0, 10, 12, 0.01, 0.01, 0.9, 0.2, 4, 1.0): (0.4088888888888891, 1.1666666666666667) in 10.22s
566/675 (5, 1000, 0.1, 2, 6, 10.0, 10, 12, 0.01, 0.01, 0.9, 1.0, 4, 1.0): (0.42349206349206364, 1.5333333333333334) in 9.72s
567/675 (5, 1000, 0.1, 2, 6, 10.0, 10, 12, 0.01, 0.01, 0.9, 5.0, 4, 1.0): (0.6022222222222222, 2.566666666666667) in 11.75s
568/675 (5, 1000, 0.1, 2, 6, 10.0, 10, 12, 0.01, 0.05, 0.5, 0.2, 4, 1.0): (0.435873015873016, 1.7333333333333334) in 13.73s
569/675 (5, 1000, 0.1, 2, 6, 10.0, 10, 12, 0.01, 0.05, 0.5, 1.0, 4, 1.0): (0.5244444444444445, 2.6333333333333333) in 10.81s
570/675 (5, 1000, 0.1, 2, 6, 10.0, 10, 12, 0.01, 0.05, 0.5, 5.0, 4, 1.0): (0.4717460317460319, 1.7333333333333334) in 11.45s
571/675 (5, 1000, 0.1, 2, 6, 10.0, 10, 12, 0.01, 0.05, 0.75, 0.2, 4, 1.0): (0.4000000000000002, 1.0) in 12.50s
572/675 (5, 1000, 0.1, 2, 6, 10.0, 10, 12, 0.01, 0.05, 0.75, 1.0, 4, 1.0): (0.49777777777777793, 2.2) in 9.96s
573/675 (5, 1000, 0.1, 2, 6, 10.0, 10, 12, 0.01, 0.05, 0.75, 5.0, 4, 1.0): (0.5342857142857144, 2.1) in 15.72s
574/675 (5, 1000, 0.1, 2, 6, 10.0, 10, 12, 0.01, 0.05, 0.9, 0.2, 4, 1.0): (0.4412698412698414, 1.7666666666666666) in 12.61s
575/675 (5, 1000, 0.1, 2, 6, 10.0, 10, 12, 0.01, 0.05, 0.9, 1.0, 4, 1.0): (0.4444444444444446, 1.4666666666666666) in 9.56s
576/675 (5, 1000, 0.1, 2, 6, 10.0, 10, 12, 0.01, 0.05, 0.9, 5.0, 4, 1.0): (0.5631746031746032, 2.4) in 15.92s
577/675 (5, 1000, 0.1, 2, 6, 10.0, 10, 12, 0.01, 0.1, 0.5, 0.2, 4, 1.0): (0.4711111111111112, 2.066666666666667) in 17.19s
578/675 (5, 1000, 0.1, 2, 6, 10.0, 10, 12, 0.01, 0.1, 0.5, 1.0, 4, 1.0): (0.5011111111111112, 2.2) in 11.15s
579/675 (5, 1000, 0.1, 2, 6, 10.0, 10, 12, 0.01, 0.1, 0.5, 5.0, 4, 1.0): (0.4796825396825398, 1.9333333333333333) in 20.01s
580/675 (5, 1000, 0.1, 2, 6, 10.0, 10, 12, 0.01, 0.1, 0.75, 0.2, 4, 1.0): (0.4355555555555558, 1.5) in 15.40s
581/675 (5, 1000, 0.1, 2, 6, 10.0, 10, 12, 0.01, 0.1, 0.75, 1.0, 4, 1.0): (0.4857142857142859, 2.2666666666666666) in 11.67s
582/675 (5, 1000, 0.1, 2, 6, 10.0, 10, 12, 0.01, 0.1, 0.75, 5.0, 4, 1.0): (0.4984126984126985, 1.8333333333333333) in 10.48s
583/675 (5, 1000, 0.1, 2, 6, 10.0, 10, 12, 0.01, 0.1, 0.9, 0.2, 4, 1.0): (0.42349206349206364, 1.2333333333333334) in 15.01s
584/675 (5, 1000, 0.1, 2, 6, 10.0, 10, 12, 0.01, 0.1, 0.9, 1.0, 4, 1.0): (0.4355555555555558, 1.4666666666666666) in 10.93s
585/675 (5, 1000, 0.1, 2, 6, 10.0, 10, 12, 0.01, 0.1, 0.9, 5.0, 4, 1.0): (0.5346031746031746, 2.3) in 12.34s
586/675 (5, 1000, 0.1, 2, 6, 10.0, 10, 12, 0.02, 0.0, 0.5, 0.2, 4, 1.0): (0.4477777777777779, 1.5666666666666667) in 13.31s
587/675 (5, 1000, 0.1, 2, 6, 10.0, 10, 12, 0.02, 0.0, 0.5, 1.0, 4, 1.0): (0.47746031746031764, 1.9333333333333333) in 10.60s
588/675 (5, 1000, 0.1, 2, 6, 10.0, 10, 12, 0.02, 0.0, 0.5, 5.0, 4, 1.0): (0.5641269841269841, 1.8666666666666667) in 16.23s
589/675 (5, 1000, 0.1, 2, 6, 10.0, 10, 12, 0.02, 0.0, 0.75, 0.2, 4, 1.0): (0.417777777777778, 1.1333333333333333) in 12.91s
590/675 (5, 1000, 0.1, 2, 6, 10.0, 10, 12, 0.02, 0.0, 0.75, 1.0, 4, 1.0): (0.4420634920634922, 1.5666666666666667) in 10.93s
591/675 (5, 1000, 0.1, 2, 6, 10.0, 10, 12, 0.02, 0.0, 0.75, 5.0, 4, 1.0): (0.5463492063492065, 2.4) in 14.36s
592/675 (5, 1000, 0.1, 2, 6, 10.0, 10, 12, 0.02, 0.0, 0.9, 0.2, 4, 1.0): (0.4533333333333335, 1.5333333333333334) in 12.61s
593/675 (5, 1000, 0.1, 2, 6, 10.0, 10, 12, 0.02, 0.0, 0.9, 1.0, 4, 1.0): (0.5000000000000001, 2.1666666666666665) in 10.68s
594/675 (5, 1000, 0.1, 2, 6, 10.0, 10, 12, 0.02, 0.0, 0.9, 5.0, 4, 1.0): (0.5365079365079366, 2.066666666666667) in 12.08s
595/675 (5, 1000, 0.1, 2, 6, 10.0, 10, 12, 0.02, 0.001, 0.5, 0.2, 4, 1.0): (0.47698412698412707, 1.8666666666666667) in 13.71s
596/675 (5, 1000, 0.1, 2, 6, 10.0, 10, 12, 0.02, 0.001, 0.5, 1.0, 4, 1.0): (0.5187301587301588, 2.6666666666666665) in 11.72s
597/675 (5, 1000, 0.1, 2, 6, 10.0, 10, 12, 0.02, 0.001, 0.5, 5.0, 4, 1.0): (0.5161904761904764, 1.8) in 27.06s
598/675 (5, 1000, 0.1, 2, 6, 10.0, 10, 12, 0.02, 0.001, 0.75, 0.2, 4, 1.0): (0.46222222222222237, 1.6) in 12.49s
599/675 (5, 1000, 0.1, 2, 6, 10.0, 10, 12, 0.02, 0.001, 0.75, 1.0, 4, 1.0): (0.46222222222222237, 1.6) in 11.85s
600/675 (5, 1000, 0.1, 2, 6, 10.0, 10, 12, 0.02, 0.001, 0.75, 5.0, 4, 1.0): (0.47777777777777797, 1.5) in 13.41s
601/675 (5, 1000, 0.1, 2, 6, 10.0, 10, 12, 0.02, 0.001, 0.9, 0.2, 4, 1.0): (0.45682539682539697, 1.8) in 12.56s
602/675 (5, 1000, 0.1, 2, 6, 10.0, 10, 12, 0.02, 0.001, 0.9, 1.0, 4, 1.0): (0.4590476190476192, 1.9) in 10.85s
603/675 (5, 1000, 0.1, 2, 6, 10.0, 10, 12, 0.02, 0.001, 0.9, 5.0, 4, 1.0): (0.5414285714285716, 2.1333333333333333) in 12.77s
604/675 (5, 1000, 0.1, 2, 6, 10.0, 10, 12, 0.02, 0.01, 0.5, 0.2, 4, 1.0): (0.43888888888888905, 1.3666666666666667) in 14.33s
605/675 (5, 1000, 0.1, 2, 6, 10.0, 10, 12, 0.02, 0.01, 0.5, 1.0, 4, 1.0): (0.5130158730158731, 2.433333333333333) in 13.70s
606/675 (5, 1000, 0.1, 2, 6, 10.0, 10, 12, 0.02, 0.01, 0.5, 5.0, 4, 1.0): (0.5346031746031749, 1.8333333333333333) in 51.26s
607/675 (5, 1000, 0.1, 2, 6, 10.0, 10, 12, 0.02, 0.01, 0.75, 0.2, 4, 1.0): (0.45682539682539697, 1.8333333333333333) in 13.24s
608/675 (5, 1000, 0.1, 2, 6, 10.0, 10, 12, 0.02, 0.01, 0.75, 1.0, 4, 1.0): (0.5212698412698412, 2.4) in 10.77s
609/675 (5, 1000, 0.1, 2, 6, 10.0, 10, 12, 0.02, 0.01, 0.75, 5.0, 4, 1.0): (0.5287301587301588, 2.1) in 34.36s
610/675 (5, 1000, 0.1, 2, 6, 10.0, 10, 12, 0.02, 0.01, 0.9, 0.2, 4, 1.0): (0.4323809523809526, 1.5333333333333334) in 12.99s
611/675 (5, 1000, 0.1, 2, 6, 10.0, 10, 12, 0.02, 0.01, 0.9, 1.0, 4, 1.0): (0.48000000000000015, 2.1666666666666665) in 10.65s
612/675 (5, 1000, 0.1, 2, 6, 10.0, 10, 12, 0.02, 0.01, 0.9, 5.0, 4, 1.0): (0.5396825396825398, 2.066666666666667) in 11.78s
613/675 (5, 1000, 0.1, 2, 6, 10.0, 10, 12, 0.02, 0.05, 0.5, 0.2, 4, 1.0): (0.4625396825396827, 1.9) in 18.21s
614/675 (5, 1000, 0.1, 2, 6, 10.0, 10, 12, 0.02, 0.05, 0.5, 1.0, 4, 1.0): (0.5212698412698412, 2.6666666666666665) in 12.92s
615/675 (5, 1000, 0.1, 2, 6, 10.0, 10, 12, 0.02, 0.05, 0.5, 5.0, 4, 1.0): (0.5196825396825399, 1.7) in 25.41s
616/675 (5, 1000, 0.1, 2, 6, 10.0, 10, 12, 0.02, 0.05, 0.75, 0.2, 4, 1.0): (0.43555555555555575, 1.2666666666666666) in 16.60s
617/675 (5, 1000, 0.1, 2, 6, 10.0, 10, 12, 0.02, 0.05, 0.75, 1.0, 4, 1.0): (0.48571428571428577, 2.466666666666667) in 11.79s
618/675 (5, 1000, 0.1, 2, 6, 10.0, 10, 12, 0.02, 0.05, 0.75, 5.0, 4, 1.0): (0.5590476190476192, 2.2333333333333334) in 15.53s
619/675 (5, 1000, 0.1, 2, 6, 10.0, 10, 12, 0.02, 0.05, 0.9, 0.2, 4, 1.0): (0.44126984126984137, 1.7666666666666666) in 17.11s
620/675 (5, 1000, 0.1, 2, 6, 10.0, 10, 12, 0.02, 0.05, 0.9, 1.0, 4, 1.0): (0.4444444444444446, 1.6) in 11.63s
621/675 (5, 1000, 0.1, 2, 6, 10.0, 10, 12, 0.02, 0.05, 0.9, 5.0, 4, 1.0): (0.5742857142857143, 2.6) in 16.12s
622/675 (5, 1000, 0.1, 2, 6, 10.0, 10, 12, 0.02, 0.1, 0.5, 0.2, 4, 1.0): (0.43555555555555564, 1.4666666666666666) in 22.40s
623/675 (5, 1000, 0.1, 2, 6, 10.0, 10, 12, 0.02, 0.1, 0.5, 1.0, 4, 1.0): (0.5212698412698413, 2.7) in 13.75s
624/675 (5, 1000, 0.1, 2, 6, 10.0, 10, 12, 0.02, 0.1, 0.5, 5.0, 4, 1.0): (0.48460317460317476, 1.9) in 26.56s
625/675 (5, 1000, 0.1, 2, 6, 10.0, 10, 12, 0.02, 0.1, 0.75, 0.2, 4, 1.0): (0.4300000000000002, 1.3) in 20.59s
626/675 (5, 1000, 0.1, 2, 6, 10.0, 10, 12, 0.02, 0.1, 0.75, 1.0, 4, 1.0): (0.4526984126984127, 2.066666666666667) in 16.45s
627/675 (5, 1000, 0.1, 2, 6, 10.0, 10, 12, 0.02, 0.1, 0.75, 5.0, 4, 1.0): (0.507936507936508, 2.066666666666667) in 12.99s
628/675 (5, 1000, 0.1, 2, 6, 10.0, 10, 12, 0.02, 0.1, 0.9, 0.2, 4, 1.0): (0.42111111111111127, 1.2333333333333334) in 18.86s
629/675 (5, 1000, 0.1, 2, 6, 10.0, 10, 12, 0.02, 0.1, 0.9, 1.0, 4, 1.0): (0.45666666666666683, 1.7333333333333334) in 12.51s
630/675 (5, 1000, 0.1, 2, 6, 10.0, 10, 12, 0.02, 0.1, 0.9, 5.0, 4, 1.0): (0.5284920634920636, 2.3333333333333335) in 11.29s
631/675 (5, 1000, 0.1, 2, 6, 10.0, 10, 12, 0.05, 0.0, 0.5, 0.2, 4, 1.0): (0.5307936507936508, 2.2666666666666666) in 25.42s
632/675 (5, 1000, 0.1, 2, 6, 10.0, 10, 12, 0.05, 0.0, 0.5, 1.0, 4, 1.0): (0.5549206349206349, 2.8333333333333335) in 16.02s
633/675 (5, 1000, 0.1, 2, 6, 10.0, 10, 12, 0.05, 0.0, 0.5, 5.0, 4, 1.0): (0.4730158730158732, 1.5) in 17.57s
634/675 (5, 1000, 0.1, 2, 6, 10.0, 10, 12, 0.05, 0.0, 0.75, 0.2, 4, 1.0): (0.497936507936508, 2.1333333333333333) in 23.08s
635/675 (5, 1000, 0.1, 2, 6, 10.0, 10, 12, 0.05, 0.0, 0.75, 1.0, 4, 1.0): (0.5307936507936508, 2.4) in 16.15s
636/675 (5, 1000, 0.1, 2, 6, 10.0, 10, 12, 0.05, 0.0, 0.75, 5.0, 4, 1.0): (0.49301587301587324, 1.5666666666666667) in 18.65s
637/675 (5, 1000, 0.1, 2, 6, 10.0, 10, 12, 0.05, 0.0, 0.9, 0.2, 4, 1.0): (0.5244444444444444, 2.2666666666666666) in 22.97s
638/675 (5, 1000, 0.1, 2, 6, 10.0, 10, 12, 0.05, 0.0, 0.9, 1.0, 4, 1.0): (0.5066666666666667, 2.2333333333333334) in 15.48s
639/675 (5, 1000, 0.1, 2, 6, 10.0, 10, 12, 0.05, 0.0, 0.9, 5.0, 4, 1.0): (0.5317460317460319, 2.2666666666666666) in 15.10s
640/675 (5, 1000, 0.1, 2, 6, 10.0, 10, 12, 0.05, 0.001, 0.5, 0.2, 4, 1.0): (0.5368253968253968, 2.433333333333333) in 25.12s
641/675 (5, 1000, 0.1, 2, 6, 10.0, 10, 12, 0.05, 0.001, 0.5, 1.0, 4, 1.0): (0.5146031746031746, 2.3666666666666667) in 16.47s
642/675 (5, 1000, 0.1, 2, 6, 10.0, 10, 12, 0.05, 0.001, 0.5, 5.0, 4, 1.0): (0.5355555555555557, 1.8333333333333333) in 19.67s
643/675 (5, 1000, 0.1, 2, 6, 10.0, 10, 12, 0.05, 0.001, 0.75, 0.2, 4, 1.0): (0.5157142857142857, 2.1333333333333333) in 23.31s
644/675 (5, 1000, 0.1, 2, 6, 10.0, 10, 12, 0.05, 0.001, 0.75, 1.0, 4, 1.0): (0.521904761904762, 2.1666666666666665) in 15.82s
645/675 (5, 1000, 0.1, 2, 6, 10.0, 10, 12, 0.05, 0.001, 0.75, 5.0, 4, 1.0): (0.5809523809523808, 2.533333333333333) in 19.17s
646/675 (5, 1000, 0.1, 2, 6, 10.0, 10, 12, 0.05, 0.001, 0.9, 0.2, 4, 1.0): (0.5034920634920635, 1.9666666666666666) in 22.76s
647/675 (5, 1000, 0.1, 2, 6, 10.0, 10, 12, 0.05, 0.001, 0.9, 1.0, 4, 1.0): (0.500952380952381, 2.1) in 14.68s
648/675 (5, 1000, 0.1, 2, 6, 10.0, 10, 12, 0.05, 0.001, 0.9, 5.0, 4, 1.0): (0.5038095238095239, 1.9) in 15.19s
649/675 (5, 1000, 0.1, 2, 6, 10.0, 10, 12, 0.05, 0.01, 0.5, 0.2, 4, 1.0): (0.5512698412698412, 2.533333333333333) in 26.56s
650/675 (5, 1000, 0.1, 2, 6, 10.0, 10, 12, 0.05, 0.01, 0.5, 1.0, 4, 1.0): (0.45904761904761915, 1.7666666666666666) in 15.83s
651/675 (5, 1000, 0.1, 2, 6, 10.0, 10, 12, 0.05, 0.01, 0.5, 5.0, 4, 1.0): (0.5700000000000002, 2.1333333333333333) in 47.89s
652/675 (5, 1000, 0.1, 2, 6, 10.0, 10, 12, 0.05, 0.01, 0.75, 0.2, 4, 1.0): (0.5100000000000001, 2.1) in 25.32s
653/675 (5, 1000, 0.1, 2, 6, 10.0, 10, 12, 0.05, 0.01, 0.75, 1.0, 4, 1.0): (0.5155555555555557, 2.6333333333333333) in 16.07s
654/675 (5, 1000, 0.1, 2, 6, 10.0, 10, 12, 0.05, 0.01, 0.75, 5.0, 4, 1.0): (0.4582010582010584, 1.4333333333333333) in 24.41s
655/675 (5, 1000, 0.1, 2, 6, 10.0, 10, 12, 0.05, 0.01, 0.9, 0.2, 4, 1.0): (0.5168253968253969, 2.4) in 24.06s
656/675 (5, 1000, 0.1, 2, 6, 10.0, 10, 12, 0.05, 0.01, 0.9, 1.0, 4, 1.0): (0.5246031746031746, 2.3) in 15.98s
657/675 (5, 1000, 0.1, 2, 6, 10.0, 10, 12, 0.05, 0.01, 0.9, 5.0, 4, 1.0): (0.47873015873015884, 1.6666666666666667) in 13.62s
658/675 (5, 1000, 0.1, 2, 6, 10.0, 10, 12, 0.05, 0.05, 0.5, 0.2, 4, 1.0): (0.5098412698412699, 2.4) in 31.40s
659/675 (5, 1000, 0.1, 2, 6, 10.0, 10, 12, 0.05, 0.05, 0.5, 1.0, 4, 1.0): (0.4747619047619048, 1.8333333333333333) in 18.50s
660/675 (5, 1000, 0.1, 2, 6, 10.0, 10, 12, 0.05, 0.05, 0.5, 5.0, 4, 1.0): (0.5407936507936509, 2.0) in 74.19s
661/675 (5, 1000, 0.1, 2, 6, 10.0, 10, 12, 0.05, 0.05, 0.75, 0.2, 4, 1.0): (0.4980952380952381, 2.2333333333333334) in 29.02s
662/675 (5, 1000, 0.1, 2, 6, 10.0, 10, 12, 0.05, 0.05, 0.75, 1.0, 4, 1.0): (0.5133333333333334, 2.3333333333333335) in 17.47s
663/675 (5, 1000, 0.1, 2, 6, 10.0, 10, 12, 0.05, 0.05, 0.75, 5.0, 4, 1.0): (0.5120634920634922, 2.2) in 18.27s
664/675 (5, 1000, 0.1, 2, 6, 10.0, 10, 12, 0.05, 0.05, 0.9, 0.2, 4, 1.0): (0.476825396825397, 1.6333333333333333) in 28.19s
665/675 (5, 1000, 0.1, 2, 6, 10.0, 10, 12, 0.05, 0.05, 0.9, 1.0, 4, 1.0): (0.5125396825396826, 2.3666666666666667) in 17.50s
666/675 (5, 1000, 0.1, 2, 6, 10.0, 10, 12, 0.05, 0.05, 0.9, 5.0, 4, 1.0): (0.5012698412698414, 1.8333333333333333) in 14.18s
667/675 (5, 1000, 0.1, 2, 6, 10.0, 10, 12, 0.05, 0.1, 0.5, 0.2, 4, 1.0): (0.48111111111111116, 1.8) in 36.84s
668/675 (5, 1000, 0.1, 2, 6, 10.0, 10, 12, 0.05, 0.1, 0.5, 1.0, 4, 1.0): (0.5511111111111112, 2.7666666666666666) in 21.01s
669/675 (5, 1000, 0.1, 2, 6, 10.0, 10, 12, 0.05, 0.1, 0.5, 5.0, 4, 1.0): (0.5704761904761906, 2.7) in 26.86s
670/675 (5, 1000, 0.1, 2, 6, 10.0, 10, 12, 0.05, 0.1, 0.75, 0.2, 4, 1.0): (0.4388888888888891, 1.7) in 33.71s
671/675 (5, 1000, 0.1, 2, 6, 10.0, 10, 12, 0.05, 0.1, 0.75, 1.0, 4, 1.0): (0.49777777777777793, 2.2) in 19.08s
672/675 (5, 1000, 0.1, 2, 6, 10.0, 10, 12, 0.05, 0.1, 0.75, 5.0, 4, 1.0): (0.5565079365079365, 2.5) in 17.77s
673/675 (5, 1000, 0.1, 2, 6, 10.0, 10, 12, 0.05, 0.1, 0.9, 0.2, 4, 1.0): (0.4444444444444446, 1.3666666666666667) in 31.84s
674/675 (5, 1000, 0.1, 2, 6, 10.0, 10, 12, 0.05, 0.1, 0.9, 1.0, 4, 1.0): (0.47682539682539704, 1.9) in 19.38s
675/675 (5, 1000, 0.1, 2, 6, 10.0, 10, 12, 0.05, 0.1, 0.9, 5.0, 4, 1.0): (0.520952380952381, 2.433333333333333) in 13.72s

best: (0.615873015873016, 2.6)
{'crossover_size_proportion': 0.5,
 'depth_softener': 10.0,
 'generations': 1000,
 'individuals_per_method_and_depth': 5,
 'max_depth': 12,
 'max_gen_depth': 6,
 'max_program_runtime_ms': 10,
 'min_gen_depth': 2,
 'mutation_chance': 0.001,
 'mutation_single_chance': 0.05,
 'p_grow_leaf': 0.1,
 'selection_method': 'FitnessWeighted',
 'selection_pressure': 5.0,
 'tournament_p': 1.0,
 'tournament_size': 4}
