applying method: fitness_weighted
1/675 (5, 1000, 0.1, 2, 6, 1.0, 10, 12, 0.0, 0.0, 0.5, 0.2, 4, 1.0): (0.2502093397745572, 2.1333333333333333) in 11.28s
2/675 (5, 1000, 0.1, 2, 6, 1.0, 10, 12, 0.0, 0.0, 0.5, 1.0, 4, 1.0): (0.29629629629629634, 1.9) in 9.89s
3/675 (5, 1000, 0.1, 2, 6, 1.0, 10, 12, 0.0, 0.0, 0.5, 5.0, 4, 1.0): (0.32813260813260814, 1.7666666666666666) in 15.27s
4/675 (5, 1000, 0.1, 2, 6, 1.0, 10, 12, 0.0, 0.0, 0.75, 0.2, 4, 1.0): (0.281610305958132, 2.033333333333333) in 9.45s
5/675 (5, 1000, 0.1, 2, 6, 1.0, 10, 12, 0.0, 0.0, 0.75, 1.0, 4, 1.0): (0.2647122637511654, 1.5666666666666667) in 9.48s
6/675 (5, 1000, 0.1, 2, 6, 1.0, 10, 12, 0.0, 0.0, 0.75, 5.0, 4, 1.0): (0.3638325281803541, 1.9) in 93.80s
7/675 (5, 1000, 0.1, 2, 6, 1.0, 10, 12, 0.0, 0.0, 0.9, 0.2, 4, 1.0): (0.24695652173913052, 1.9666666666666666) in 9.30s
8/675 (5, 1000, 0.1, 2, 6, 1.0, 10, 12, 0.0, 0.0, 0.9, 1.0, 4, 1.0): (0.285024154589372, 1.8) in 5750.57s
9/675 (5, 1000, 0.1, 2, 6, 1.0, 10, 12, 0.0, 0.0, 0.9, 5.0, 4, 1.0): (0.32484848484848483, 1.6333333333333333) in 9.91s
10/675 (5, 1000, 0.1, 2, 6, 1.0, 10, 12, 0.0, 0.001, 0.5, 0.2, 4, 1.0): (0.2694685990338165, 2.3) in 9.23s
11/675 (5, 1000, 0.1, 2, 6, 1.0, 10, 12, 0.0, 0.001, 0.5, 1.0, 4, 1.0): (0.3102093397745573, 1.8666666666666667) in 9.68s
12/675 (5, 1000, 0.1, 2, 6, 1.0, 10, 12, 0.0, 0.001, 0.5, 5.0, 4, 1.0): (0.3288888888888888, 1.7666666666666666) in 92.52s
13/675 (5, 1000, 0.1, 2, 6, 1.0, 10, 12, 0.0, 0.001, 0.75, 0.2, 4, 1.0): (0.29154267310789045, 2.2666666666666666) in 9.31s
14/675 (5, 1000, 0.1, 2, 6, 1.0, 10, 12, 0.0, 0.001, 0.75, 1.0, 4, 1.0): (0.3287278582930757, 2.3) in 10.23s
15/675 (5, 1000, 0.1, 2, 6, 1.0, 10, 12, 0.0, 0.001, 0.75, 5.0, 4, 1.0): (0.23407407407407416, 1.1333333333333333) in 8.76s
16/675 (5, 1000, 0.1, 2, 6, 1.0, 10, 12, 0.0, 0.001, 0.9, 0.2, 4, 1.0): (0.2964251207729468, 2.533333333333333) in 9.59s
17/675 (5, 1000, 0.1, 2, 6, 1.0, 10, 12, 0.0, 0.001, 0.9, 1.0, 4, 1.0): (0.2885482273717568, 1.8333333333333333) in 9.55s
18/675 (5, 1000, 0.1, 2, 6, 1.0, 10, 12, 0.0, 0.001, 0.9, 5.0, 4, 1.0): (0.32798711755233484, 1.8) in 10.38s
19/675 (5, 1000, 0.1, 2, 6, 1.0, 10, 12, 0.0, 0.01, 0.5, 0.2, 4, 1.0): (0.2983574879227053, 1.6) in 9.55s
20/675 (5, 1000, 0.1, 2, 6, 1.0, 10, 12, 0.0, 0.01, 0.5, 1.0, 4, 1.0): (0.3177777777777779, 1.7333333333333334) in 11.39s
21/675 (5, 1000, 0.1, 2, 6, 1.0, 10, 12, 0.0, 0.01, 0.5, 5.0, 4, 1.0): (0.3684380032206118, 1.3333333333333333) in 13.73s
22/675 (5, 1000, 0.1, 2, 6, 1.0, 10, 12, 0.0, 0.01, 0.75, 0.2, 4, 1.0): (0.28354267310789055, 1.5333333333333334) in 9.42s
23/675 (5, 1000, 0.1, 2, 6, 1.0, 10, 12, 0.0, 0.01, 0.75, 1.0, 4, 1.0): (0.33322432800693674, 2.2) in 9.48s
24/675 (5, 1000, 0.1, 2, 6, 1.0, 10, 12, 0.0, 0.01, 0.75, 5.0, 4, 1.0): (0.29642512077294675, 1.2666666666666666) in 28.11s
25/675 (5, 1000, 0.1, 2, 6, 1.0, 10, 12, 0.0, 0.01, 0.9, 0.2, 4, 1.0): (0.24000000000000007, 1.4666666666666666) in 9.26s
26/675 (5, 1000, 0.1, 2, 6, 1.0, 10, 12, 0.0, 0.01, 0.9, 1.0, 4, 1.0): (0.3239935587761674, 1.9333333333333333) in 9.76s
27/675 (5, 1000, 0.1, 2, 6, 1.0, 10, 12, 0.0, 0.01, 0.9, 5.0, 4, 1.0): (0.3971658615136875, 1.7333333333333334) in 13.48s
28/675 (5, 1000, 0.1, 2, 6, 1.0, 10, 12, 0.0, 0.05, 0.5, 0.2, 4, 1.0): (0.36810130288391146, 1.7666666666666666) in 10.13s
29/675 (5, 1000, 0.1, 2, 6, 1.0, 10, 12, 0.0, 0.05, 0.5, 1.0, 4, 1.0): (0.45638120333772486, 2.466666666666667) in 16.72s
30/675 (5, 1000, 0.1, 2, 6, 1.0, 10, 12, 0.0, 0.05, 0.5, 5.0, 4, 1.0): (0.36148148148148146, 1.4666666666666666) in 45.27s
31/675 (5, 1000, 0.1, 2, 6, 1.0, 10, 12, 0.0, 0.05, 0.75, 0.2, 4, 1.0): (0.29999999999999993, 1.6333333333333333) in 9.42s
32/675 (5, 1000, 0.1, 2, 6, 1.0, 10, 12, 0.0, 0.05, 0.75, 1.0, 4, 1.0): (0.32115942028985506, 1.7666666666666666) in 11.49s
33/675 (5, 1000, 0.1, 2, 6, 1.0, 10, 12, 0.0, 0.05, 0.75, 5.0, 4, 1.0): (0.3318518518518518, 1.3666666666666667) in 29.32s
34/675 (5, 1000, 0.1, 2, 6, 1.0, 10, 12, 0.0, 0.05, 0.9, 0.2, 4, 1.0): (0.2647342995169083, 1.3333333333333333) in 9.55s
35/675 (5, 1000, 0.1, 2, 6, 1.0, 10, 12, 0.0, 0.05, 0.9, 1.0, 4, 1.0): (0.3465056360708535, 1.6333333333333333) in 15.78s
36/675 (5, 1000, 0.1, 2, 6, 1.0, 10, 12, 0.0, 0.05, 0.9, 5.0, 4, 1.0): (0.3318518518518518, 1.3666666666666667) in 21.28s
37/675 (5, 1000, 0.1, 2, 6, 1.0, 10, 12, 0.0, 0.1, 0.5, 0.2, 4, 1.0): (0.32695652173913037, 1.6666666666666667) in 10.46s
38/675 (5, 1000, 0.1, 2, 6, 1.0, 10, 12, 0.0, 0.1, 0.5, 1.0, 4, 1.0): (0.46373640530162263, 2.2666666666666666) in 12.57s
39/675 (5, 1000, 0.1, 2, 6, 1.0, 10, 12, 0.0, 0.1, 0.5, 5.0, 4, 1.0): (0.4634188034188032, 1.8) in 43.99s
40/675 (5, 1000, 0.1, 2, 6, 1.0, 10, 12, 0.0, 0.1, 0.75, 0.2, 4, 1.0): (0.2854750402576489, 1.4333333333333333) in 10.00s
41/675 (5, 1000, 0.1, 2, 6, 1.0, 10, 12, 0.0, 0.1, 0.75, 1.0, 4, 1.0): (0.4781964573268918, 2.533333333333333) in 10.21s
42/675 (5, 1000, 0.1, 2, 6, 1.0, 10, 12, 0.0, 0.1, 0.75, 5.0, 4, 1.0): (0.47629629629629605, 1.8333333333333333) in 40.80s
43/675 (5, 1000, 0.1, 2, 6, 1.0, 10, 12, 0.0, 0.1, 0.9, 0.2, 4, 1.0): (0.2983574879227053, 1.3) in 9.77s
44/675 (5, 1000, 0.1, 2, 6, 1.0, 10, 12, 0.0, 0.1, 0.9, 1.0, 4, 1.0): (0.4097379593031765, 2.2) in 9.79s
45/675 (5, 1000, 0.1, 2, 6, 1.0, 10, 12, 0.0, 0.1, 0.9, 5.0, 4, 1.0): (0.3874074074074072, 1.4666666666666666) in 44.87s
46/675 (5, 1000, 0.1, 2, 6, 1.0, 10, 12, 0.001, 0.0, 0.5, 0.2, 4, 1.0): (0.27568438003220613, 2.033333333333333) in 9.22s
47/675 (5, 1000, 0.1, 2, 6, 1.0, 10, 12, 0.001, 0.0, 0.5, 1.0, 4, 1.0): (0.2992124139950227, 1.6333333333333333) in 9.97s
48/675 (5, 1000, 0.1, 2, 6, 1.0, 10, 12, 0.001, 0.0, 0.5, 5.0, 4, 1.0): (0.29140096618357497, 1.4666666666666666) in 33.47s
49/675 (5, 1000, 0.1, 2, 6, 1.0, 10, 12, 0.001, 0.0, 0.75, 0.2, 4, 1.0): (0.2570370370370371, 2.1) in 9.28s
50/675 (5, 1000, 0.1, 2, 6, 1.0, 10, 12, 0.001, 0.0, 0.75, 1.0, 4, 1.0): (0.2814814814814815, 1.2333333333333334) in 9.32s
51/675 (5, 1000, 0.1, 2, 6, 1.0, 10, 12, 0.001, 0.0, 0.75, 5.0, 4, 1.0): (0.3511976911976911, 1.8333333333333333) in 17.39s
52/675 (5, 1000, 0.1, 2, 6, 1.0, 10, 12, 0.001, 0.0, 0.9, 0.2, 4, 1.0): (0.2222222222222223, 1.7666666666666666) in 9.49s
53/675 (5, 1000, 0.1, 2, 6, 1.0, 10, 12, 0.001, 0.0, 0.9, 1.0, 4, 1.0): (0.31288244766505635, 2.1) in 9.59s
54/675 (5, 1000, 0.1, 2, 6, 1.0, 10, 12, 0.001, 0.0, 0.9, 5.0, 4, 1.0): (0.3070238618064705, 1.4666666666666666) in 30.95s
55/675 (5, 1000, 0.1, 2, 6, 1.0, 10, 12, 0.001, 0.001, 0.5, 0.2, 4, 1.0): (0.2482788671023966, 2.433333333333333) in 9.02s
56/675 (5, 1000, 0.1, 2, 6, 1.0, 10, 12, 0.001, 0.001, 0.5, 1.0, 4, 1.0): (0.32798711755233495, 1.4666666666666666) in 9.62s
57/675 (5, 1000, 0.1, 2, 6, 1.0, 10, 12, 0.001, 0.001, 0.5, 5.0, 4, 1.0): (0.26518518518518525, 1.4333333333333333) in 19.60s
58/675 (5, 1000, 0.1, 2, 6, 1.0, 10, 12, 0.001, 0.001, 0.75, 0.2, 4, 1.0): (0.2647342995169083, 1.6666666666666667) in 9.37s
59/675 (5, 1000, 0.1, 2, 6, 1.0, 10, 12, 0.001, 0.001, 0.75, 1.0, 4, 1.0): (0.3254750402576489, 2.066666666666667) in 9.71s
60/675 (5, 1000, 0.1, 2, 6, 1.0, 10, 12, 0.001, 0.001, 0.75, 5.0, 4, 1.0): (0.29037037037037033, 1.6) in 10.29s
61/675 (5, 1000, 0.1, 2, 6, 1.0, 10, 12, 0.001, 0.001, 0.9, 0.2, 4, 1.0): (0.2590740740740741, 1.8) in 9.28s
62/675 (5, 1000, 0.1, 2, 6, 1.0, 10, 12, 0.001, 0.001, 0.9, 1.0, 4, 1.0): (0.30325281803542675, 2.433333333333333) in 9.68s
63/675 (5, 1000, 0.1, 2, 6, 1.0, 10, 12, 0.001, 0.001, 0.9, 5.0, 4, 1.0): (0.3134524734524734, 1.7333333333333334) in 10.10s
64/675 (5, 1000, 0.1, 2, 6, 1.0, 10, 12, 0.001, 0.01, 0.5, 0.2, 4, 1.0): (0.24991948470209346, 1.3) in 9.58s
65/675 (5, 1000, 0.1, 2, 6, 1.0, 10, 12, 0.001, 0.01, 0.5, 1.0, 4, 1.0): (0.3426262626262625, 1.6333333333333333) in 10.53s
66/675 (5, 1000, 0.1, 2, 6, 1.0, 10, 12, 0.001, 0.01, 0.5, 5.0, 4, 1.0): (0.3170370370370369, 1.3) in 21.41s
67/675 (5, 1000, 0.1, 2, 6, 1.0, 10, 12, 0.001, 0.01, 0.75, 0.2, 4, 1.0): (0.2672053872053873, 1.5666666666666667) in 9.31s
68/675 (5, 1000, 0.1, 2, 6, 1.0, 10, 12, 0.001, 0.01, 0.75, 1.0, 4, 1.0): (0.32671197096826377, 2.3666666666666667) in 9.76s
69/675 (5, 1000, 0.1, 2, 6, 1.0, 10, 12, 0.001, 0.01, 0.75, 5.0, 4, 1.0): (0.2964251207729468, 1.2666666666666666) in 11.72s
70/675 (5, 1000, 0.1, 2, 6, 1.0, 10, 12, 0.001, 0.01, 0.9, 0.2, 4, 1.0): (0.25185185185185194, 1.2333333333333334) in 9.05s
71/675 (5, 1000, 0.1, 2, 6, 1.0, 10, 12, 0.001, 0.01, 0.9, 1.0, 4, 1.0): (0.3447342995169082, 2.2666666666666666) in 10.74s
72/675 (5, 1000, 0.1, 2, 6, 1.0, 10, 12, 0.001, 0.01, 0.9, 5.0, 4, 1.0): (0.30028985507246375, 1.2333333333333334) in 11.67s
73/675 (5, 1000, 0.1, 2, 6, 1.0, 10, 12, 0.001, 0.05, 0.5, 0.2, 4, 1.0): (0.30144927536231886, 1.2) in 10.12s
74/675 (5, 1000, 0.1, 2, 6, 1.0, 10, 12, 0.001, 0.05, 0.5, 1.0, 4, 1.0): (0.4198389694041867, 1.9666666666666666) in 18.68s
75/675 (5, 1000, 0.1, 2, 6, 1.0, 10, 12, 0.001, 0.05, 0.5, 5.0, 4, 1.0): (0.41373737373737357, 1.8666666666666667) in 25.74s
76/675 (5, 1000, 0.1, 2, 6, 1.0, 10, 12, 0.001, 0.05, 0.75, 0.2, 4, 1.0): (0.33301127214170695, 1.5333333333333334) in 9.59s
77/675 (5, 1000, 0.1, 2, 6, 1.0, 10, 12, 0.001, 0.05, 0.75, 1.0, 4, 1.0): (0.331829816086109, 1.7) in 15.26s
78/675 (5, 1000, 0.1, 2, 6, 1.0, 10, 12, 0.001, 0.05, 0.75, 5.0, 4, 1.0): (0.36740740740740735, 1.6) in 24.15s
79/675 (5, 1000, 0.1, 2, 6, 1.0, 10, 12, 0.001, 0.05, 0.9, 0.2, 4, 1.0): (0.3053140096618357, 1.4) in 9.47s
80/675 (5, 1000, 0.1, 2, 6, 1.0, 10, 12, 0.001, 0.05, 0.9, 1.0, 4, 1.0): (0.27658615136876014, 1.3333333333333333) in 13.90s
81/675 (5, 1000, 0.1, 2, 6, 1.0, 10, 12, 0.001, 0.05, 0.9, 5.0, 4, 1.0): (0.3585185185185185, 1.5) in 22.51s
82/675 (5, 1000, 0.1, 2, 6, 1.0, 10, 12, 0.001, 0.1, 0.5, 0.2, 4, 1.0): (0.3368760064412237, 1.4333333333333333) in 10.29s
83/675 (5, 1000, 0.1, 2, 6, 1.0, 10, 12, 0.001, 0.1, 0.5, 1.0, 4, 1.0): (0.4110789049919482, 1.6666666666666667) in 12.37s
84/675 (5, 1000, 0.1, 2, 6, 1.0, 10, 12, 0.001, 0.1, 0.5, 5.0, 4, 1.0): (0.46148148148148127, 1.7) in 41.19s
85/675 (5, 1000, 0.1, 2, 6, 1.0, 10, 12, 0.001, 0.1, 0.75, 0.2, 4, 1.0): (0.2666666666666667, 1.3) in 9.78s
86/675 (5, 1000, 0.1, 2, 6, 1.0, 10, 12, 0.001, 0.1, 0.75, 1.0, 4, 1.0): (0.4395491143317229, 1.8333333333333333) in 10.31s
87/675 (5, 1000, 0.1, 2, 6, 1.0, 10, 12, 0.001, 0.1, 0.75, 5.0, 4, 1.0): (0.4118518518518517, 1.6333333333333333) in 40.59s
88/675 (5, 1000, 0.1, 2, 6, 1.0, 10, 12, 0.001, 0.1, 0.9, 0.2, 4, 1.0): (0.2914009661835749, 1.6333333333333333) in 9.72s
89/675 (5, 1000, 0.1, 2, 6, 1.0, 10, 12, 0.001, 0.1, 0.9, 1.0, 4, 1.0): (0.3674074074074073, 1.8333333333333333) in 9.94s
90/675 (5, 1000, 0.1, 2, 6, 1.0, 10, 12, 0.001, 0.1, 0.9, 5.0, 4, 1.0): (0.40592592592592575, 1.5333333333333334) in 38.35s
91/675 (5, 1000, 0.1, 2, 6, 1.0, 10, 12, 0.01, 0.0, 0.5, 0.2, 4, 1.0): (0.36457326892109493, 1.5333333333333334) in 10.71s
92/675 (5, 1000, 0.1, 2, 6, 1.0, 10, 12, 0.01, 0.0, 0.5, 1.0, 4, 1.0): (0.40399355877616744, 2.5) in 11.52s
93/675 (5, 1000, 0.1, 2, 6, 1.0, 10, 12, 0.01, 0.0, 0.5, 5.0, 4, 1.0): (0.3744927536231883, 1.5333333333333334) in 38.58s
94/675 (5, 1000, 0.1, 2, 6, 1.0, 10, 12, 0.01, 0.0, 0.75, 0.2, 4, 1.0): (0.41494363929146516, 1.6) in 10.61s
95/675 (5, 1000, 0.1, 2, 6, 1.0, 10, 12, 0.01, 0.0, 0.75, 1.0, 4, 1.0): (0.33983896940418673, 1.6666666666666667) in 10.19s
96/675 (5, 1000, 0.1, 2, 6, 1.0, 10, 12, 0.01, 0.0, 0.75, 5.0, 4, 1.0): (0.35066022544283404, 1.4666666666666666) in 11.55s
97/675 (5, 1000, 0.1, 2, 6, 1.0, 10, 12, 0.01, 0.0, 0.9, 0.2, 4, 1.0): (0.44251207729468583, 1.6666666666666667) in 10.34s
98/675 (5, 1000, 0.1, 2, 6, 1.0, 10, 12, 0.01, 0.0, 0.9, 1.0, 4, 1.0): (0.29243156199677944, 1.8) in 10.23s
99/675 (5, 1000, 0.1, 2, 6, 1.0, 10, 12, 0.01, 0.0, 0.9, 5.0, 4, 1.0): (0.302061191626409, 1.4) in 10.39s
100/675 (5, 1000, 0.1, 2, 6, 1.0, 10, 12, 0.01, 0.001, 0.5, 0.2, 4, 1.0): (0.3490697386349559, 1.5666666666666667) in 11.04s
101/675 (5, 1000, 0.1, 2, 6, 1.0, 10, 12, 0.01, 0.001, 0.5, 1.0, 4, 1.0): (0.39420289855072455, 2.066666666666667) in 11.91s
102/675 (5, 1000, 0.1, 2, 6, 1.0, 10, 12, 0.01, 0.001, 0.5, 5.0, 4, 1.0): (0.2822222222222222, 1.5) in 14.15s
103/675 (5, 1000, 0.1, 2, 6, 1.0, 10, 12, 0.01, 0.001, 0.75, 0.2, 4, 1.0): (0.38615136876006423, 1.4666666666666666) in 10.69s
104/675 (5, 1000, 0.1, 2, 6, 1.0, 10, 12, 0.01, 0.001, 0.75, 1.0, 4, 1.0): (0.3447342995169081, 1.4333333333333333) in 10.69s
105/675 (5, 1000, 0.1, 2, 6, 1.0, 10, 12, 0.01, 0.001, 0.75, 5.0, 4, 1.0): (0.3109500805152979, 1.4666666666666666) in 10.59s
106/675 (5, 1000, 0.1, 2, 6, 1.0, 10, 12, 0.01, 0.001, 0.9, 0.2, 4, 1.0): (0.4407085346215779, 1.6) in 10.61s
107/675 (5, 1000, 0.1, 2, 6, 1.0, 10, 12, 0.01, 0.001, 0.9, 1.0, 4, 1.0): (0.3899194847020932, 2.1) in 10.57s
108/675 (5, 1000, 0.1, 2, 6, 1.0, 10, 12, 0.01, 0.001, 0.9, 5.0, 4, 1.0): (0.3783574879227051, 1.5666666666666667) in 11.75s
109/675 (5, 1000, 0.1, 2, 6, 1.0, 10, 12, 0.01, 0.01, 0.5, 0.2, 4, 1.0): (0.42589371980676316, 1.8) in 11.10s
110/675 (5, 1000, 0.1, 2, 6, 1.0, 10, 12, 0.01, 0.01, 0.5, 1.0, 4, 1.0): (0.42211321689582554, 2.533333333333333) in 12.66s
111/675 (5, 1000, 0.1, 2, 6, 1.0, 10, 12, 0.01, 0.01, 0.5, 5.0, 4, 1.0): (0.34280193236714973, 1.3666666666666667) in 17.76s
112/675 (5, 1000, 0.1, 2, 6, 1.0, 10, 12, 0.01, 0.01, 0.75, 0.2, 4, 1.0): (0.45539452495974214, 1.6333333333333333) in 11.49s
113/675 (5, 1000, 0.1, 2, 6, 1.0, 10, 12, 0.01, 0.01, 0.75, 1.0, 4, 1.0): (0.35169082125603857, 1.3666666666666667) in 12.26s
114/675 (5, 1000, 0.1, 2, 6, 1.0, 10, 12, 0.01, 0.01, 0.75, 5.0, 4, 1.0): (0.34185185185185174, 1.3333333333333333) in 51.89s
115/675 (5, 1000, 0.1, 2, 6, 1.0, 10, 12, 0.01, 0.01, 0.9, 0.2, 4, 1.0): (0.4445732689210948, 1.7333333333333334) in 11.31s
116/675 (5, 1000, 0.1, 2, 6, 1.0, 10, 12, 0.01, 0.01, 0.9, 1.0, 4, 1.0): (0.38628019323671486, 1.9333333333333333) in 12.76s
117/675 (5, 1000, 0.1, 2, 6, 1.0, 10, 12, 0.01, 0.01, 0.9, 5.0, 4, 1.0): (0.3634958278436538, 1.7333333333333334) in 14.20s
118/675 (5, 1000, 0.1, 2, 6, 1.0, 10, 12, 0.01, 0.05, 0.5, 0.2, 4, 1.0): (0.5146537842190013, 1.7333333333333334) in 13.31s
119/675 (5, 1000, 0.1, 2, 6, 1.0, 10, 12, 0.01, 0.05, 0.5, 1.0, 4, 1.0): (0.4595169082125603, 1.9333333333333333) in 19.71s
120/675 (5, 1000, 0.1, 2, 6, 1.0, 10, 12, 0.01, 0.05, 0.5, 5.0, 4, 1.0): (0.4506602254428339, 1.8333333333333333) in 50.09s
121/675 (5, 1000, 0.1, 2, 6, 1.0, 10, 12, 0.01, 0.05, 0.75, 0.2, 4, 1.0): (0.5709500805152977, 1.9) in 13.24s
122/675 (5, 1000, 0.1, 2, 6, 1.0, 10, 12, 0.01, 0.05, 0.75, 1.0, 4, 1.0): (0.4653140096618355, 1.9) in 17.33s
123/675 (5, 1000, 0.1, 2, 6, 1.0, 10, 12, 0.01, 0.05, 0.75, 5.0, 4, 1.0): (0.3395491143317229, 1.6333333333333333) in 21.90s
124/675 (5, 1000, 0.1, 2, 6, 1.0, 10, 12, 0.01, 0.05, 0.9, 0.2, 4, 1.0): (0.5475040257648952, 1.9333333333333333) in 13.14s
125/675 (5, 1000, 0.1, 2, 6, 1.0, 10, 12, 0.01, 0.05, 0.9, 1.0, 4, 1.0): (0.5076445615576048, 2.466666666666667) in 18.44s
126/675 (5, 1000, 0.1, 2, 6, 1.0, 10, 12, 0.01, 0.05, 0.9, 5.0, 4, 1.0): (0.44444444444444425, 1.6) in 28.45s
127/675 (5, 1000, 0.1, 2, 6, 1.0, 10, 12, 0.01, 0.1, 0.5, 0.2, 4, 1.0): (0.5880837359098228, 2.0) in 16.58s
128/675 (5, 1000, 0.1, 2, 6, 1.0, 10, 12, 0.01, 0.1, 0.5, 1.0, 4, 1.0): (0.5840455840455838, 2.1333333333333333) in 15.58s
129/675 (5, 1000, 0.1, 2, 6, 1.0, 10, 12, 0.01, 0.1, 0.5, 5.0, 4, 1.0): (0.5118518518518517, 1.8333333333333333) in 55.17s
130/675 (5, 1000, 0.1, 2, 6, 1.0, 10, 12, 0.01, 0.1, 0.75, 0.2, 4, 1.0): (0.5107890499194844, 1.7) in 15.05s
131/675 (5, 1000, 0.1, 2, 6, 1.0, 10, 12, 0.01, 0.1, 0.75, 1.0, 4, 1.0): (0.5580976223539152, 2.5) in 12.96s
132/675 (5, 1000, 0.1, 2, 6, 1.0, 10, 12, 0.01, 0.1, 0.75, 5.0, 4, 1.0): (0.4365217391304345, 1.7333333333333334) in 40.63s
133/675 (5, 1000, 0.1, 2, 6, 1.0, 10, 12, 0.01, 0.1, 0.9, 0.2, 4, 1.0): (0.4869565217391302, 1.8) in 15.05s
134/675 (5, 1000, 0.1, 2, 6, 1.0, 10, 12, 0.01, 0.1, 0.9, 1.0, 4, 1.0): (0.5017713365539449, 1.6333333333333333) in 12.58s
135/675 (5, 1000, 0.1, 2, 6, 1.0, 10, 12, 0.01, 0.1, 0.9, 5.0, 4, 1.0): (0.5155555555555554, 1.9666666666666666) in 47.40s
136/675 (5, 1000, 0.1, 2, 6, 1.0, 10, 12, 0.02, 0.0, 0.5, 0.2, 4, 1.0): (0.4997862684819206, 2.1666666666666665) in 12.87s
137/675 (5, 1000, 0.1, 2, 6, 1.0, 10, 12, 0.02, 0.0, 0.5, 1.0, 4, 1.0): (0.47039452495974216, 2.2) in 12.47s
138/675 (5, 1000, 0.1, 2, 6, 1.0, 10, 12, 0.02, 0.0, 0.5, 5.0, 4, 1.0): (0.30724637681159417, 1.2666666666666666) in 14.10s
139/675 (5, 1000, 0.1, 2, 6, 1.0, 10, 12, 0.02, 0.0, 0.75, 0.2, 4, 1.0): (0.4070853462157808, 1.5) in 12.52s
140/675 (5, 1000, 0.1, 2, 6, 1.0, 10, 12, 0.02, 0.0, 0.75, 1.0, 4, 1.0): (0.39420289855072443, 1.5333333333333334) in 13.07s
141/675 (5, 1000, 0.1, 2, 6, 1.0, 10, 12, 0.02, 0.0, 0.75, 5.0, 4, 1.0): (0.3333333333333332, 1.4666666666666666) in 13.05s
142/675 (5, 1000, 0.1, 2, 6, 1.0, 10, 12, 0.02, 0.0, 0.9, 0.2, 4, 1.0): (0.504830917874396, 1.9) in 12.75s
143/675 (5, 1000, 0.1, 2, 6, 1.0, 10, 12, 0.02, 0.0, 0.9, 1.0, 4, 1.0): (0.43362318840579694, 2.1333333333333333) in 13.82s
144/675 (5, 1000, 0.1, 2, 6, 1.0, 10, 12, 0.02, 0.0, 0.9, 5.0, 4, 1.0): (0.3752430500256586, 1.8666666666666667) in 102.03s
145/675 (5, 1000, 0.1, 2, 6, 1.0, 10, 12, 0.02, 0.001, 0.5, 0.2, 4, 1.0): (0.4638530229834577, 2.033333333333333) in 12.75s
146/675 (5, 1000, 0.1, 2, 6, 1.0, 10, 12, 0.02, 0.001, 0.5, 1.0, 4, 1.0): (0.3715297906602253, 2.033333333333333) in 12.28s
147/675 (5, 1000, 0.1, 2, 6, 1.0, 10, 12, 0.02, 0.001, 0.5, 5.0, 4, 1.0): (0.31317230273752017, 1.4666666666666666) in 11.92s
148/675 (5, 1000, 0.1, 2, 6, 1.0, 10, 12, 0.02, 0.001, 0.75, 0.2, 4, 1.0): (0.4090177133655393, 1.5666666666666667) in 12.82s
149/675 (5, 1000, 0.1, 2, 6, 1.0, 10, 12, 0.02, 0.001, 0.75, 1.0, 4, 1.0): (0.36457326892109493, 2.033333333333333) in 12.04s
150/675 (5, 1000, 0.1, 2, 6, 1.0, 10, 12, 0.02, 0.001, 0.75, 5.0, 4, 1.0): (0.36650563607085324, 1.4333333333333333) in 23.35s
151/675 (5, 1000, 0.1, 2, 6, 1.0, 10, 12, 0.02, 0.001, 0.9, 0.2, 4, 1.0): (0.4841223832528179, 1.7666666666666666) in 12.73s
152/675 (5, 1000, 0.1, 2, 6, 1.0, 10, 12, 0.02, 0.001, 0.9, 1.0, 4, 1.0): (0.42975845410628005, 1.5666666666666667) in 12.28s
153/675 (5, 1000, 0.1, 2, 6, 1.0, 10, 12, 0.02, 0.001, 0.9, 5.0, 4, 1.0): (0.33318192274714004, 1.3666666666666667) in 12.05s
154/675 (5, 1000, 0.1, 2, 6, 1.0, 10, 12, 0.02, 0.01, 0.5, 0.2, 4, 1.0): (0.4653140096618356, 1.7666666666666666) in 13.66s
155/675 (5, 1000, 0.1, 2, 6, 1.0, 10, 12, 0.02, 0.01, 0.5, 1.0, 4, 1.0): (0.437745571658615, 2.2) in 15.76s
156/675 (5, 1000, 0.1, 2, 6, 1.0, 10, 12, 0.02, 0.01, 0.5, 5.0, 4, 1.0): (0.32206119162640895, 1.2333333333333334) in 13.80s
157/675 (5, 1000, 0.1, 2, 6, 1.0, 10, 12, 0.02, 0.01, 0.75, 0.2, 4, 1.0): (0.5648631239935586, 2.033333333333333) in 13.42s
158/675 (5, 1000, 0.1, 2, 6, 1.0, 10, 12, 0.02, 0.01, 0.75, 1.0, 4, 1.0): (0.4670853462157808, 2.0) in 13.40s
159/675 (5, 1000, 0.1, 2, 6, 1.0, 10, 12, 0.02, 0.01, 0.75, 5.0, 4, 1.0): (0.4260547504025763, 1.6333333333333333) in 25.00s
160/675 (5, 1000, 0.1, 2, 6, 1.0, 10, 12, 0.02, 0.01, 0.9, 0.2, 4, 1.0): (0.5444122383252815, 2.1666666666666665) in 13.72s
161/675 (5, 1000, 0.1, 2, 6, 1.0, 10, 12, 0.02, 0.01, 0.9, 1.0, 4, 1.0): (0.46531400966183545, 1.8666666666666667) in 14.73s
162/675 (5, 1000, 0.1, 2, 6, 1.0, 10, 12, 0.02, 0.01, 0.9, 5.0, 4, 1.0): (0.3478260869565216, 1.3) in 15.76s
163/675 (5, 1000, 0.1, 2, 6, 1.0, 10, 12, 0.02, 0.05, 0.5, 0.2, 4, 1.0): (0.6460547504025764, 2.0) in 17.09s
164/675 (5, 1000, 0.1, 2, 6, 1.0, 10, 12, 0.02, 0.05, 0.5, 1.0, 4, 1.0): (0.5837446933099105, 2.566666666666667) in 24.85s
165/675 (5, 1000, 0.1, 2, 6, 1.0, 10, 12, 0.02, 0.05, 0.5, 5.0, 4, 1.0): (0.41880837359098194, 1.5333333333333334) in 29.94s
166/675 (5, 1000, 0.1, 2, 6, 1.0, 10, 12, 0.02, 0.05, 0.75, 0.2, 4, 1.0): (0.6254428341384862, 1.9666666666666666) in 16.40s
167/675 (5, 1000, 0.1, 2, 6, 1.0, 10, 12, 0.02, 0.05, 0.75, 1.0, 4, 1.0): (0.5106075245205679, 2.4) in 18.09s
168/675 (5, 1000, 0.1, 2, 6, 1.0, 10, 12, 0.02, 0.05, 0.75, 5.0, 4, 1.0): (0.4244444444444443, 1.6333333333333333) in 28.39s
169/675 (5, 1000, 0.1, 2, 6, 1.0, 10, 12, 0.02, 0.05, 0.9, 0.2, 4, 1.0): (0.5829307568438001, 1.9333333333333333) in 15.80s
170/675 (5, 1000, 0.1, 2, 6, 1.0, 10, 12, 0.02, 0.05, 0.9, 1.0, 4, 1.0): (0.5195639786944133, 2.033333333333333) in 17.43s
171/675 (5, 1000, 0.1, 2, 6, 1.0, 10, 12, 0.02, 0.05, 0.9, 5.0, 4, 1.0): (0.38222222222222213, 1.6) in 23.96s
172/675 (5, 1000, 0.1, 2, 6, 1.0, 10, 12, 0.02, 0.1, 0.5, 0.2, 4, 1.0): (0.6144927536231883, 1.9666666666666666) in 20.51s
173/675 (5, 1000, 0.1, 2, 6, 1.0, 10, 12, 0.02, 0.1, 0.5, 1.0, 4, 1.0): (0.5798389694041866, 2.066666666666667) in 15.08s
174/675 (5, 1000, 0.1, 2, 6, 1.0, 10, 12, 0.02, 0.1, 0.5, 5.0, 4, 1.0): (0.4850241545893718, 1.6) in 47.09s
175/675 (5, 1000, 0.1, 2, 6, 1.0, 10, 12, 0.02, 0.1, 0.75, 0.2, 4, 1.0): (0.604573268921095, 2.3) in 20.05s
176/675 (5, 1000, 0.1, 2, 6, 1.0, 10, 12, 0.02, 0.1, 0.75, 1.0, 4, 1.0): (0.5630917874396134, 2.066666666666667) in 14.95s
177/675 (5, 1000, 0.1, 2, 6, 1.0, 10, 12, 0.02, 0.1, 0.75, 5.0, 4, 1.0): (0.44148148148148125, 1.7) in 40.48s
178/675 (5, 1000, 0.1, 2, 6, 1.0, 10, 12, 0.02, 0.1, 0.9, 0.2, 4, 1.0): (0.644122383252818, 2.033333333333333) in 19.04s
179/675 (5, 1000, 0.1, 2, 6, 1.0, 10, 12, 0.02, 0.1, 0.9, 1.0, 4, 1.0): (0.6242834138486312, 2.033333333333333) in 13.34s
180/675 (5, 1000, 0.1, 2, 6, 1.0, 10, 12, 0.02, 0.1, 0.9, 5.0, 4, 1.0): (0.4869565217391302, 1.7) in 53.58s
181/675 (5, 1000, 0.1, 2, 6, 1.0, 10, 12, 0.05, 0.0, 0.5, 0.2, 4, 1.0): (0.6015780998389696, 2.4) in 23.08s
182/675 (5, 1000, 0.1, 2, 6, 1.0, 10, 12, 0.05, 0.0, 0.5, 1.0, 4, 1.0): (0.5956843800322061, 2.433333333333333) in 18.48s
183/675 (5, 1000, 0.1, 2, 6, 1.0, 10, 12, 0.05, 0.0, 0.5, 5.0, 4, 1.0): (0.43285024154589347, 1.5666666666666667) in 40.29s
184/675 (5, 1000, 0.1, 2, 6, 1.0, 10, 12, 0.05, 0.0, 0.75, 0.2, 4, 1.0): (0.5819001610305957, 2.2666666666666666) in 21.17s
185/675 (5, 1000, 0.1, 2, 6, 1.0, 10, 12, 0.05, 0.0, 0.75, 1.0, 4, 1.0): (0.5615297906602253, 2.2666666666666666) in 19.23s
186/675 (5, 1000, 0.1, 2, 6, 1.0, 10, 12, 0.05, 0.0, 0.75, 5.0, 4, 1.0): (0.4090177133655394, 1.4333333333333333) in 17.92s
187/675 (5, 1000, 0.1, 2, 6, 1.0, 10, 12, 0.05, 0.0, 0.9, 0.2, 4, 1.0): (0.6352334943639291, 2.1666666666666665) in 21.11s
188/675 (5, 1000, 0.1, 2, 6, 1.0, 10, 12, 0.05, 0.0, 0.9, 1.0, 4, 1.0): (0.541320450885668, 2.1) in 17.20s
189/675 (5, 1000, 0.1, 2, 6, 1.0, 10, 12, 0.05, 0.0, 0.9, 5.0, 4, 1.0): (0.414303305863408, 1.4666666666666666) in 19.60s
190/675 (5, 1000, 0.1, 2, 6, 1.0, 10, 12, 0.05, 0.001, 0.5, 0.2, 4, 1.0): (0.620547504025765, 2.4) in 22.71s
191/675 (5, 1000, 0.1, 2, 6, 1.0, 10, 12, 0.05, 0.001, 0.5, 1.0, 4, 1.0): (0.4838325281803541, 1.9666666666666666) in 20.52s
192/675 (5, 1000, 0.1, 2, 6, 1.0, 10, 12, 0.05, 0.001, 0.5, 5.0, 4, 1.0): (0.416038647342995, 1.7333333333333334) in 19.84s
193/675 (5, 1000, 0.1, 2, 6, 1.0, 10, 12, 0.05, 0.001, 0.75, 0.2, 4, 1.0): (0.624412238325282, 2.1) in 21.64s
194/675 (5, 1000, 0.1, 2, 6, 1.0, 10, 12, 0.05, 0.001, 0.75, 1.0, 4, 1.0): (0.5522705314009659, 1.9333333333333333) in 18.47s
195/675 (5, 1000, 0.1, 2, 6, 1.0, 10, 12, 0.05, 0.001, 0.75, 5.0, 4, 1.0): (0.4001288244766503, 1.4666666666666666) in 19.77s
196/675 (5, 1000, 0.1, 2, 6, 1.0, 10, 12, 0.05, 0.001, 0.9, 0.2, 4, 1.0): (0.6248470209339774, 2.4) in 21.24s
197/675 (5, 1000, 0.1, 2, 6, 1.0, 10, 12, 0.05, 0.001, 0.9, 1.0, 4, 1.0): (0.46827697262479856, 1.8666666666666667) in 17.04s
198/675 (5, 1000, 0.1, 2, 6, 1.0, 10, 12, 0.05, 0.001, 0.9, 5.0, 4, 1.0): (0.45482618168040134, 1.5666666666666667) in 17.88s
199/675 (5, 1000, 0.1, 2, 6, 1.0, 10, 12, 0.05, 0.01, 0.5, 0.2, 4, 1.0): (0.6327697262479871, 2.3666666666666667) in 23.80s
200/675 (5, 1000, 0.1, 2, 6, 1.0, 10, 12, 0.05, 0.01, 0.5, 1.0, 4, 1.0): (0.5710789049919482, 2.2666666666666666) in 22.21s
201/675 (5, 1000, 0.1, 2, 6, 1.0, 10, 12, 0.05, 0.01, 0.5, 5.0, 4, 1.0): (0.4367149758454104, 1.5) in 22.27s
202/675 (5, 1000, 0.1, 2, 6, 1.0, 10, 12, 0.05, 0.01, 0.75, 0.2, 4, 1.0): (0.6144605475040258, 2.2666666666666666) in 22.94s
203/675 (5, 1000, 0.1, 2, 6, 1.0, 10, 12, 0.05, 0.01, 0.75, 1.0, 4, 1.0): (0.4970048309178743, 1.9666666666666666) in 18.97s
204/675 (5, 1000, 0.1, 2, 6, 1.0, 10, 12, 0.05, 0.01, 0.75, 5.0, 4, 1.0): (0.42085748792270505, 1.8333333333333333) in 24.38s
205/675 (5, 1000, 0.1, 2, 6, 1.0, 10, 12, 0.05, 0.01, 0.9, 0.2, 4, 1.0): (0.5634336677814937, 2.033333333333333) in 23.38s
206/675 (5, 1000, 0.1, 2, 6, 1.0, 10, 12, 0.05, 0.01, 0.9, 1.0, 4, 1.0): (0.5916908212560387, 2.1) in 22.74s
207/675 (5, 1000, 0.1, 2, 6, 1.0, 10, 12, 0.05, 0.01, 0.9, 5.0, 4, 1.0): (0.4755028546332892, 1.9) in 26.42s
208/675 (5, 1000, 0.1, 2, 6, 1.0, 10, 12, 0.05, 0.05, 0.5, 0.2, 4, 1.0): (0.6570048309178744, 2.1666666666666665) in 28.93s
209/675 (5, 1000, 0.1, 2, 6, 1.0, 10, 12, 0.05, 0.05, 0.5, 1.0, 4, 1.0): (0.6183574879227052, 2.066666666666667) in 26.93s
210/675 (5, 1000, 0.1, 2, 6, 1.0, 10, 12, 0.05, 0.05, 0.5, 5.0, 4, 1.0): (0.47420289855072434, 1.7) in 41.06s
211/675 (5, 1000, 0.1, 2, 6, 1.0, 10, 12, 0.05, 0.05, 0.75, 0.2, 4, 1.0): (0.5884057971014491, 2.066666666666667) in 26.79s
212/675 (5, 1000, 0.1, 2, 6, 1.0, 10, 12, 0.05, 0.05, 0.75, 1.0, 4, 1.0): (0.6087798835624922, 2.2666666666666666) in 24.27s
213/675 (5, 1000, 0.1, 2, 6, 1.0, 10, 12, 0.05, 0.05, 0.75, 5.0, 4, 1.0): (0.5164251207729467, 1.7333333333333334) in 40.23s
214/675 (5, 1000, 0.1, 2, 6, 1.0, 10, 12, 0.05, 0.05, 0.9, 0.2, 4, 1.0): (0.6165539452495974, 2.066666666666667) in 26.64s
215/675 (5, 1000, 0.1, 2, 6, 1.0, 10, 12, 0.05, 0.05, 0.9, 1.0, 4, 1.0): (0.593623188405797, 2.2) in 23.74s
216/675 (5, 1000, 0.1, 2, 6, 1.0, 10, 12, 0.05, 0.05, 0.9, 5.0, 4, 1.0): (0.5225120772946857, 1.8) in 37.56s
217/675 (5, 1000, 0.1, 2, 6, 1.0, 10, 12, 0.05, 0.1, 0.5, 0.2, 4, 1.0): (0.6531400966183577, 2.2333333333333334) in 34.05s
218/675 (5, 1000, 0.1, 2, 6, 1.0, 10, 12, 0.05, 0.1, 0.5, 1.0, 4, 1.0): (0.6262157809983897, 2.066666666666667) in 20.55s
219/675 (5, 1000, 0.1, 2, 6, 1.0, 10, 12, 0.05, 0.1, 0.5, 5.0, 4, 1.0): (0.5561352657004829, 1.8666666666666667) in 83.97s
220/675 (5, 1000, 0.1, 2, 6, 1.0, 10, 12, 0.05, 0.1, 0.75, 0.2, 4, 1.0): (0.6560386473429952, 2.066666666666667) in 31.06s
221/675 (5, 1000, 0.1, 2, 6, 1.0, 10, 12, 0.05, 0.1, 0.75, 1.0, 4, 1.0): (0.6628019323671499, 2.1) in 18.96s
222/675 (5, 1000, 0.1, 2, 6, 1.0, 10, 12, 0.05, 0.1, 0.75, 5.0, 4, 1.0): (0.5262157809983895, 2.066666666666667) in 51.03s
223/675 (5, 1000, 0.1, 2, 6, 1.0, 10, 12, 0.05, 0.1, 0.9, 0.2, 4, 1.0): (0.6312399355877616, 1.9333333333333333) in 30.44s
224/675 (5, 1000, 0.1, 2, 6, 1.0, 10, 12, 0.05, 0.1, 0.9, 1.0, 4, 1.0): (0.6628019323671499, 2.033333333333333) in 19.21s
225/675 (5, 1000, 0.1, 2, 6, 1.0, 10, 12, 0.05, 0.1, 0.9, 5.0, 4, 1.0): (0.5037037037037034, 1.6333333333333333) in 53.58s
226/675 (5, 1000, 0.1, 2, 6, 6.0, 10, 12, 0.0, 0.0, 0.5, 0.2, 4, 1.0): (0.29788610745132477, 2.1) in 9.07s
227/675 (5, 1000, 0.1, 2, 6, 6.0, 10, 12, 0.0, 0.0, 0.5, 1.0, 4, 1.0): (0.3266666666666666, 1.9) in 9.90s
228/675 (5, 1000, 0.1, 2, 6, 6.0, 10, 12, 0.0, 0.0, 0.5, 5.0, 4, 1.0): (0.33378917378917367, 1.7333333333333334) in 9.65s
229/675 (5, 1000, 0.1, 2, 6, 6.0, 10, 12, 0.0, 0.0, 0.75, 0.2, 4, 1.0): (0.2884380032206119, 2.2333333333333334) in 9.35s
230/675 (5, 1000, 0.1, 2, 6, 6.0, 10, 12, 0.0, 0.0, 0.75, 1.0, 4, 1.0): (0.30231005709266584, 1.9) in 10.09s
231/675 (5, 1000, 0.1, 2, 6, 6.0, 10, 12, 0.0, 0.0, 0.75, 5.0, 4, 1.0): (0.31008547008547005, 1.6666666666666667) in 10.61s
232/675 (5, 1000, 0.1, 2, 6, 6.0, 10, 12, 0.0, 0.0, 0.9, 0.2, 4, 1.0): (0.2814814814814815, 2.1333333333333333) in 9.29s
233/675 (5, 1000, 0.1, 2, 6, 6.0, 10, 12, 0.0, 0.0, 0.9, 1.0, 4, 1.0): (0.35333333333333317, 2.1333333333333333) in 9.89s
234/675 (5, 1000, 0.1, 2, 6, 6.0, 10, 12, 0.0, 0.0, 0.9, 5.0, 4, 1.0): (0.3889562289562287, 1.8666666666666667) in 11.73s
235/675 (5, 1000, 0.1, 2, 6, 6.0, 10, 12, 0.0, 0.001, 0.5, 0.2, 4, 1.0): (0.27170140648401525, 1.8333333333333333) in 9.35s
236/675 (5, 1000, 0.1, 2, 6, 6.0, 10, 12, 0.0, 0.001, 0.5, 1.0, 4, 1.0): (0.34365685843946714, 2.5) in 9.59s
237/675 (5, 1000, 0.1, 2, 6, 6.0, 10, 12, 0.0, 0.001, 0.5, 5.0, 4, 1.0): (0.3251851851851851, 1.6333333333333333) in 45.75s
238/675 (5, 1000, 0.1, 2, 6, 6.0, 10, 12, 0.0, 0.001, 0.75, 0.2, 4, 1.0): (0.28066022544283414, 2.3666666666666667) in 9.30s
239/675 (5, 1000, 0.1, 2, 6, 6.0, 10, 12, 0.0, 0.001, 0.75, 1.0, 4, 1.0): (0.3341484409310496, 2.2666666666666666) in 9.86s
240/675 (5, 1000, 0.1, 2, 6, 6.0, 10, 12, 0.0, 0.001, 0.75, 5.0, 4, 1.0): (0.3651851851851851, 2.1) in 10.32s
241/675 (5, 1000, 0.1, 2, 6, 6.0, 10, 12, 0.0, 0.001, 0.9, 0.2, 4, 1.0): (0.2602898550724638, 2.3333333333333335) in 9.24s
242/675 (5, 1000, 0.1, 2, 6, 6.0, 10, 12, 0.0, 0.001, 0.9, 1.0, 4, 1.0): (0.3251178451178452, 2.3) in 9.62s
243/675 (5, 1000, 0.1, 2, 6, 6.0, 10, 12, 0.0, 0.001, 0.9, 5.0, 4, 1.0): (0.3153302448039289, 1.9333333333333333) in 9.39s
244/675 (5, 1000, 0.1, 2, 6, 6.0, 10, 12, 0.0, 0.01, 0.5, 0.2, 4, 1.0): (0.23656565656565665, 1.4) in 9.80s
245/675 (5, 1000, 0.1, 2, 6, 6.0, 10, 12, 0.0, 0.01, 0.5, 1.0, 4, 1.0): (0.31043230521491394, 1.9333333333333333) in 12.18s
246/675 (5, 1000, 0.1, 2, 6, 6.0, 10, 12, 0.0, 0.01, 0.5, 5.0, 4, 1.0): (0.2814814814814815, 1.1333333333333333) in 12.10s
247/675 (5, 1000, 0.1, 2, 6, 6.0, 10, 12, 0.0, 0.01, 0.75, 0.2, 4, 1.0): (0.2776167471819646, 1.2333333333333334) in 9.18s
248/675 (5, 1000, 0.1, 2, 6, 6.0, 10, 12, 0.0, 0.01, 0.75, 1.0, 4, 1.0): (0.31685551163812026, 1.9333333333333333) in 10.70s
249/675 (5, 1000, 0.1, 2, 6, 6.0, 10, 12, 0.0, 0.01, 0.75, 5.0, 4, 1.0): (0.33880837359098215, 1.4666666666666666) in 14.16s
250/675 (5, 1000, 0.1, 2, 6, 6.0, 10, 12, 0.0, 0.01, 0.9, 0.2, 4, 1.0): (0.29389254867515735, 1.9333333333333333) in 9.15s
251/675 (5, 1000, 0.1, 2, 6, 6.0, 10, 12, 0.0, 0.01, 0.9, 1.0, 4, 1.0): (0.35601815253989155, 2.6333333333333333) in 11.33s
252/675 (5, 1000, 0.1, 2, 6, 6.0, 10, 12, 0.0, 0.01, 0.9, 5.0, 4, 1.0): (0.37629629629629613, 1.5666666666666667) in 12.86s
253/675 (5, 1000, 0.1, 2, 6, 6.0, 10, 12, 0.0, 0.05, 0.5, 0.2, 4, 1.0): (0.3109295857121944, 2.033333333333333) in 10.21s
254/675 (5, 1000, 0.1, 2, 6, 6.0, 10, 12, 0.0, 0.05, 0.5, 1.0, 4, 1.0): (0.41288244766505616, 2.066666666666667) in 19.47s
255/675 (5, 1000, 0.1, 2, 6, 6.0, 10, 12, 0.0, 0.05, 0.5, 5.0, 4, 1.0): (0.45362318840579696, 1.5666666666666667) in 28.18s
256/675 (5, 1000, 0.1, 2, 6, 6.0, 10, 12, 0.0, 0.05, 0.75, 0.2, 4, 1.0): (0.3319806763285024, 1.8333333333333333) in 9.66s
257/675 (5, 1000, 0.1, 2, 6, 6.0, 10, 12, 0.0, 0.05, 0.75, 1.0, 4, 1.0): (0.38724637681159396, 1.7666666666666666) in 13.45s
258/675 (5, 1000, 0.1, 2, 6, 6.0, 10, 12, 0.0, 0.05, 0.75, 5.0, 4, 1.0): (0.37333333333333313, 1.6) in 27.53s
259/675 (5, 1000, 0.1, 2, 6, 6.0, 10, 12, 0.0, 0.05, 0.9, 0.2, 4, 1.0): (0.2921212121212121, 1.5333333333333334) in 9.40s
260/675 (5, 1000, 0.1, 2, 6, 6.0, 10, 12, 0.0, 0.05, 0.9, 1.0, 4, 1.0): (0.30917874396135275, 1.6) in 15.64s
261/675 (5, 1000, 0.1, 2, 6, 6.0, 10, 12, 0.0, 0.05, 0.9, 5.0, 4, 1.0): (0.3799999999999999, 1.6666666666666667) in 29.41s
262/675 (5, 1000, 0.1, 2, 6, 6.0, 10, 12, 0.0, 0.1, 0.5, 0.2, 4, 1.0): (0.3309606657432745, 1.8666666666666667) in 10.61s
263/675 (5, 1000, 0.1, 2, 6, 6.0, 10, 12, 0.0, 0.1, 0.5, 1.0, 4, 1.0): (0.4761352657004829, 2.066666666666667) in 12.84s
264/675 (5, 1000, 0.1, 2, 6, 6.0, 10, 12, 0.0, 0.1, 0.5, 5.0, 4, 1.0): (0.4562962962962961, 1.7) in 45.31s
265/675 (5, 1000, 0.1, 2, 6, 6.0, 10, 12, 0.0, 0.1, 0.75, 0.2, 4, 1.0): (0.324122383252818, 1.5) in 9.92s
266/675 (5, 1000, 0.1, 2, 6, 6.0, 10, 12, 0.0, 0.1, 0.75, 1.0, 4, 1.0): (0.4733011272141706, 2.6) in 11.88s
267/675 (5, 1000, 0.1, 2, 6, 6.0, 10, 12, 0.0, 0.1, 0.75, 5.0, 4, 1.0): (0.45971509971509955, 1.9333333333333333) in 44.98s
268/675 (5, 1000, 0.1, 2, 6, 6.0, 10, 12, 0.0, 0.1, 0.9, 0.2, 4, 1.0): (0.32576489533011266, 1.7666666666666666) in 9.48s
269/675 (5, 1000, 0.1, 2, 6, 6.0, 10, 12, 0.0, 0.1, 0.9, 1.0, 4, 1.0): (0.3405576743791847, 2.0) in 10.44s
270/675 (5, 1000, 0.1, 2, 6, 6.0, 10, 12, 0.0, 0.1, 0.9, 5.0, 4, 1.0): (0.3573063973063972, 1.6333333333333333) in 31.19s
271/675 (5, 1000, 0.1, 2, 6, 6.0, 10, 12, 0.001, 0.0, 0.5, 0.2, 4, 1.0): (0.2996574440052701, 2.7333333333333334) in 9.38s
272/675 (5, 1000, 0.1, 2, 6, 6.0, 10, 12, 0.001, 0.0, 0.5, 1.0, 4, 1.0): (0.36426291904552777, 2.3) in 10.05s
273/675 (5, 1000, 0.1, 2, 6, 6.0, 10, 12, 0.001, 0.0, 0.5, 5.0, 4, 1.0): (0.33003367003366996, 1.6333333333333333) in 19.95s
274/675 (5, 1000, 0.1, 2, 6, 6.0, 10, 12, 0.001, 0.0, 0.75, 0.2, 4, 1.0): (0.254792779049072, 1.8) in 9.47s
275/675 (5, 1000, 0.1, 2, 6, 6.0, 10, 12, 0.001, 0.0, 0.75, 1.0, 4, 1.0): (0.3454545454545454, 2.3) in 9.71s
276/675 (5, 1000, 0.1, 2, 6, 6.0, 10, 12, 0.001, 0.0, 0.75, 5.0, 4, 1.0): (0.291063011063011, 1.5666666666666667) in 14.62s
277/675 (5, 1000, 0.1, 2, 6, 6.0, 10, 12, 0.001, 0.0, 0.9, 0.2, 4, 1.0): (0.25185185185185194, 1.6666666666666667) in 9.39s
278/675 (5, 1000, 0.1, 2, 6, 6.0, 10, 12, 0.001, 0.0, 0.9, 1.0, 4, 1.0): (0.33280925193968675, 2.3) in 9.65s
279/675 (5, 1000, 0.1, 2, 6, 6.0, 10, 12, 0.001, 0.0, 0.9, 5.0, 4, 1.0): (0.32781144781144783, 1.5333333333333334) in 29.18s
280/675 (5, 1000, 0.1, 2, 6, 6.0, 10, 12, 0.001, 0.001, 0.5, 0.2, 4, 1.0): (0.27095008051529795, 2.6) in 9.20s
281/675 (5, 1000, 0.1, 2, 6, 6.0, 10, 12, 0.001, 0.001, 0.5, 1.0, 4, 1.0): (0.3368760064412238, 2.1333333333333333) in 9.73s
282/675 (5, 1000, 0.1, 2, 6, 6.0, 10, 12, 0.001, 0.001, 0.5, 5.0, 4, 1.0): (0.37259259259259253, 1.8) in 10.52s
283/675 (5, 1000, 0.1, 2, 6, 6.0, 10, 12, 0.001, 0.001, 0.75, 0.2, 4, 1.0): (0.2370370370370371, 1.4666666666666666) in 9.41s
284/675 (5, 1000, 0.1, 2, 6, 6.0, 10, 12, 0.001, 0.001, 0.75, 1.0, 4, 1.0): (0.28626780626780624, 1.5666666666666667) in 9.88s
285/675 (5, 1000, 0.1, 2, 6, 6.0, 10, 12, 0.001, 0.001, 0.75, 5.0, 4, 1.0): (0.2725925925925926, 1.3333333333333333) in 9.61s
286/675 (5, 1000, 0.1, 2, 6, 6.0, 10, 12, 0.001, 0.001, 0.9, 0.2, 4, 1.0): (0.26244766505636075, 2.1666666666666665) in 9.40s
287/675 (5, 1000, 0.1, 2, 6, 6.0, 10, 12, 0.001, 0.001, 0.9, 1.0, 4, 1.0): (0.29921241399502274, 1.9333333333333333) in 10.10s
288/675 (5, 1000, 0.1, 2, 6, 6.0, 10, 12, 0.001, 0.001, 0.9, 5.0, 4, 1.0): (0.36338624338624326, 2.3) in 13.34s
289/675 (5, 1000, 0.1, 2, 6, 6.0, 10, 12, 0.001, 0.01, 0.5, 0.2, 4, 1.0): (0.2604948031034988, 1.7333333333333334) in 9.58s
290/675 (5, 1000, 0.1, 2, 6, 6.0, 10, 12, 0.001, 0.01, 0.5, 1.0, 4, 1.0): (0.3724444444444443, 2.066666666666667) in 10.56s
291/675 (5, 1000, 0.1, 2, 6, 6.0, 10, 12, 0.001, 0.01, 0.5, 5.0, 4, 1.0): (0.40689210950080495, 1.7) in 17.87s
292/675 (5, 1000, 0.1, 2, 6, 6.0, 10, 12, 0.001, 0.01, 0.75, 0.2, 4, 1.0): (0.28354267310789044, 1.5333333333333334) in 9.36s
293/675 (5, 1000, 0.1, 2, 6, 6.0, 10, 12, 0.001, 0.01, 0.75, 1.0, 4, 1.0): (0.3138925486751574, 2.2333333333333334) in 10.53s
294/675 (5, 1000, 0.1, 2, 6, 6.0, 10, 12, 0.001, 0.01, 0.75, 5.0, 4, 1.0): (0.37559155062991373, 1.8) in 13.14s
295/675 (5, 1000, 0.1, 2, 6, 6.0, 10, 12, 0.001, 0.01, 0.9, 0.2, 4, 1.0): (0.2674074074074075, 1.7) in 9.41s
296/675 (5, 1000, 0.1, 2, 6, 6.0, 10, 12, 0.001, 0.01, 0.9, 1.0, 4, 1.0): (0.3497713365539452, 2.2666666666666666) in 9.74s
297/675 (5, 1000, 0.1, 2, 6, 6.0, 10, 12, 0.001, 0.01, 0.9, 5.0, 4, 1.0): (0.34370370370370357, 1.8) in 12.94s
298/675 (5, 1000, 0.1, 2, 6, 6.0, 10, 12, 0.001, 0.05, 0.5, 0.2, 4, 1.0): (0.30724637681159417, 1.4333333333333333) in 10.27s
299/675 (5, 1000, 0.1, 2, 6, 6.0, 10, 12, 0.001, 0.05, 0.5, 1.0, 4, 1.0): (0.47909822866344587, 2.1666666666666665) in 21.50s
300/675 (5, 1000, 0.1, 2, 6, 6.0, 10, 12, 0.001, 0.05, 0.5, 5.0, 4, 1.0): (0.385185185185185, 1.3666666666666667) in 25.81s
301/675 (5, 1000, 0.1, 2, 6, 6.0, 10, 12, 0.001, 0.05, 0.75, 0.2, 4, 1.0): (0.32012882447665064, 1.3333333333333333) in 9.76s
302/675 (5, 1000, 0.1, 2, 6, 6.0, 10, 12, 0.001, 0.05, 0.75, 1.0, 4, 1.0): (0.43984018822893495, 2.9) in 15.20s
303/675 (5, 1000, 0.1, 2, 6, 6.0, 10, 12, 0.001, 0.05, 0.75, 5.0, 4, 1.0): (0.39703703703703686, 1.6666666666666667) in 28.46s
304/675 (5, 1000, 0.1, 2, 6, 6.0, 10, 12, 0.001, 0.05, 0.9, 0.2, 4, 1.0): (0.2493094629156011, 1.4333333333333333) in 9.50s
305/675 (5, 1000, 0.1, 2, 6, 6.0, 10, 12, 0.001, 0.05, 0.9, 1.0, 4, 1.0): (0.37966555183946465, 2.1) in 15.76s
306/675 (5, 1000, 0.1, 2, 6, 6.0, 10, 12, 0.001, 0.05, 0.9, 5.0, 4, 1.0): (0.4325925925925925, 1.7666666666666666) in 27.11s
307/675 (5, 1000, 0.1, 2, 6, 6.0, 10, 12, 0.001, 0.1, 0.5, 0.2, 4, 1.0): (0.38229951690821246, 2.3333333333333335) in 10.44s
308/675 (5, 1000, 0.1, 2, 6, 6.0, 10, 12, 0.001, 0.1, 0.5, 1.0, 4, 1.0): (0.46724637681159403, 2.033333333333333) in 15.90s
309/675 (5, 1000, 0.1, 2, 6, 6.0, 10, 12, 0.001, 0.1, 0.5, 5.0, 4, 1.0): (0.5259259259259257, 1.9333333333333333) in 58.46s
310/675 (5, 1000, 0.1, 2, 6, 6.0, 10, 12, 0.001, 0.1, 0.75, 0.2, 4, 1.0): (0.32570048309178745, 1.8333333333333333) in 9.94s
311/675 (5, 1000, 0.1, 2, 6, 6.0, 10, 12, 0.001, 0.1, 0.75, 1.0, 4, 1.0): (0.4258937198067631, 2.066666666666667) in 10.48s
312/675 (5, 1000, 0.1, 2, 6, 6.0, 10, 12, 0.001, 0.1, 0.75, 5.0, 4, 1.0): (0.46017676767676735, 1.9) in 40.49s
313/675 (5, 1000, 0.1, 2, 6, 6.0, 10, 12, 0.001, 0.1, 0.9, 0.2, 4, 1.0): (0.25360269360269366, 1.5) in 10.10s
314/675 (5, 1000, 0.1, 2, 6, 6.0, 10, 12, 0.001, 0.1, 0.9, 1.0, 4, 1.0): (0.44057971014492736, 1.6333333333333333) in 11.72s
315/675 (5, 1000, 0.1, 2, 6, 6.0, 10, 12, 0.001, 0.1, 0.9, 5.0, 4, 1.0): (0.4503703703703702, 1.6666666666666667) in 41.86s
316/675 (5, 1000, 0.1, 2, 6, 6.0, 10, 12, 0.01, 0.0, 0.5, 0.2, 4, 1.0): (0.318020787586005, 1.5) in 10.82s
317/675 (5, 1000, 0.1, 2, 6, 6.0, 10, 12, 0.01, 0.0, 0.5, 1.0, 4, 1.0): (0.34177133655394526, 2.2666666666666666) in 11.89s
318/675 (5, 1000, 0.1, 2, 6, 6.0, 10, 12, 0.01, 0.0, 0.5, 5.0, 4, 1.0): (0.3628019323671497, 1.6) in 16.11s
319/675 (5, 1000, 0.1, 2, 6, 6.0, 10, 12, 0.01, 0.0, 0.75, 0.2, 4, 1.0): (0.3938925486751573, 1.9333333333333333) in 10.54s
320/675 (5, 1000, 0.1, 2, 6, 6.0, 10, 12, 0.01, 0.0, 0.75, 1.0, 4, 1.0): (0.38930756843800307, 2.3333333333333335) in 10.45s
321/675 (5, 1000, 0.1, 2, 6, 6.0, 10, 12, 0.01, 0.0, 0.75, 5.0, 4, 1.0): (0.37636363636363623, 1.9333333333333333) in 28.58s
322/675 (5, 1000, 0.1, 2, 6, 6.0, 10, 12, 0.01, 0.0, 0.9, 0.2, 4, 1.0): (0.38531400966183554, 1.6666666666666667) in 10.60s
323/675 (5, 1000, 0.1, 2, 6, 6.0, 10, 12, 0.01, 0.0, 0.9, 1.0, 4, 1.0): (0.38109500805152974, 2.066666666666667) in 10.90s
324/675 (5, 1000, 0.1, 2, 6, 6.0, 10, 12, 0.01, 0.0, 0.9, 5.0, 4, 1.0): (0.322094861660079, 1.6333333333333333) in 10.91s
325/675 (5, 1000, 0.1, 2, 6, 6.0, 10, 12, 0.01, 0.001, 0.5, 0.2, 4, 1.0): (0.3388083735909822, 1.8) in 10.97s
326/675 (5, 1000, 0.1, 2, 6, 6.0, 10, 12, 0.01, 0.001, 0.5, 1.0, 4, 1.0): (0.3694685990338164, 1.9333333333333333) in 11.85s
327/675 (5, 1000, 0.1, 2, 6, 6.0, 10, 12, 0.01, 0.001, 0.5, 5.0, 4, 1.0): (0.3622222222222221, 1.8) in 88.69s
328/675 (5, 1000, 0.1, 2, 6, 6.0, 10, 12, 0.01, 0.001, 0.75, 0.2, 4, 1.0): (0.3190982286634459, 1.4) in 10.70s
329/675 (5, 1000, 0.1, 2, 6, 6.0, 10, 12, 0.01, 0.001, 0.75, 1.0, 4, 1.0): (0.4100483091787438, 2.066666666666667) in 10.82s
330/675 (5, 1000, 0.1, 2, 6, 6.0, 10, 12, 0.01, 0.001, 0.75, 5.0, 4, 1.0): (0.3071819645732689, 1.5) in 11.66s
331/675 (5, 1000, 0.1, 2, 6, 6.0, 10, 12, 0.01, 0.001, 0.9, 0.2, 4, 1.0): (0.41784219001610284, 1.9333333333333333) in 10.56s
332/675 (5, 1000, 0.1, 2, 6, 6.0, 10, 12, 0.01, 0.001, 0.9, 1.0, 4, 1.0): (0.3121417069243156, 2.0) in 11.02s
333/675 (5, 1000, 0.1, 2, 6, 6.0, 10, 12, 0.01, 0.001, 0.9, 5.0, 4, 1.0): (0.35950226906748634, 1.5666666666666667) in 11.03s
334/675 (5, 1000, 0.1, 2, 6, 6.0, 10, 12, 0.01, 0.01, 0.5, 0.2, 4, 1.0): (0.4900014639145072, 1.8) in 11.26s
335/675 (5, 1000, 0.1, 2, 6, 6.0, 10, 12, 0.01, 0.01, 0.5, 1.0, 4, 1.0): (0.37829307568437986, 2.1) in 11.86s
336/675 (5, 1000, 0.1, 2, 6, 6.0, 10, 12, 0.01, 0.01, 0.5, 5.0, 4, 1.0): (0.4216040566424196, 1.8333333333333333) in 57.48s
337/675 (5, 1000, 0.1, 2, 6, 6.0, 10, 12, 0.01, 0.01, 0.75, 0.2, 4, 1.0): (0.39909822866344585, 1.7) in 11.33s
338/675 (5, 1000, 0.1, 2, 6, 6.0, 10, 12, 0.01, 0.01, 0.75, 1.0, 4, 1.0): (0.408707363489972, 1.7333333333333334) in 11.09s
339/675 (5, 1000, 0.1, 2, 6, 6.0, 10, 12, 0.01, 0.01, 0.75, 5.0, 4, 1.0): (0.33185185185185173, 1.3) in 19.60s
340/675 (5, 1000, 0.1, 2, 6, 6.0, 10, 12, 0.01, 0.01, 0.9, 0.2, 4, 1.0): (0.43986312399355854, 1.7) in 11.03s
341/675 (5, 1000, 0.1, 2, 6, 6.0, 10, 12, 0.01, 0.01, 0.9, 1.0, 4, 1.0): (0.4021118012422359, 2.1333333333333333) in 14.64s
342/675 (5, 1000, 0.1, 2, 6, 6.0, 10, 12, 0.01, 0.01, 0.9, 5.0, 4, 1.0): (0.4601083296735469, 1.7) in 16.79s
343/675 (5, 1000, 0.1, 2, 6, 6.0, 10, 12, 0.01, 0.05, 0.5, 0.2, 4, 1.0): (0.5661835748792269, 1.9333333333333333) in 13.24s
344/675 (5, 1000, 0.1, 2, 6, 6.0, 10, 12, 0.01, 0.05, 0.5, 1.0, 4, 1.0): (0.4672024593763722, 2.1) in 15.64s
345/675 (5, 1000, 0.1, 2, 6, 6.0, 10, 12, 0.01, 0.05, 0.5, 5.0, 4, 1.0): (0.40433543911804765, 1.5) in 28.34s
346/675 (5, 1000, 0.1, 2, 6, 6.0, 10, 12, 0.01, 0.05, 0.75, 0.2, 4, 1.0): (0.5127214170692429, 1.7333333333333334) in 12.97s
347/675 (5, 1000, 0.1, 2, 6, 6.0, 10, 12, 0.01, 0.05, 0.75, 1.0, 4, 1.0): (0.5008695652173911, 2.2333333333333334) in 15.09s
348/675 (5, 1000, 0.1, 2, 6, 6.0, 10, 12, 0.01, 0.05, 0.75, 5.0, 4, 1.0): (0.3822222222222221, 1.5666666666666667) in 26.78s
349/675 (5, 1000, 0.1, 2, 6, 6.0, 10, 12, 0.01, 0.05, 0.9, 0.2, 4, 1.0): (0.4625114016418363, 1.8333333333333333) in 13.19s
350/675 (5, 1000, 0.1, 2, 6, 6.0, 10, 12, 0.01, 0.05, 0.9, 1.0, 4, 1.0): (0.4103400587288054, 2.0) in 12.63s
351/675 (5, 1000, 0.1, 2, 6, 6.0, 10, 12, 0.01, 0.05, 0.9, 5.0, 4, 1.0): (0.4296296296296294, 1.4666666666666666) in 28.18s
352/675 (5, 1000, 0.1, 2, 6, 6.0, 10, 12, 0.01, 0.1, 0.5, 0.2, 4, 1.0): (0.5433596067463342, 1.9) in 16.01s
353/675 (5, 1000, 0.1, 2, 6, 6.0, 10, 12, 0.01, 0.1, 0.5, 1.0, 4, 1.0): (0.567296986427421, 2.433333333333333) in 16.02s
354/675 (5, 1000, 0.1, 2, 6, 6.0, 10, 12, 0.01, 0.1, 0.5, 5.0, 4, 1.0): (0.5217713365539451, 2.2333333333333334) in 52.66s
355/675 (5, 1000, 0.1, 2, 6, 6.0, 10, 12, 0.01, 0.1, 0.75, 0.2, 4, 1.0): (0.5531400966183574, 2.2333333333333334) in 15.10s
356/675 (5, 1000, 0.1, 2, 6, 6.0, 10, 12, 0.01, 0.1, 0.75, 1.0, 4, 1.0): (0.5136231884057969, 2.033333333333333) in 17.45s
357/675 (5, 1000, 0.1, 2, 6, 6.0, 10, 12, 0.01, 0.1, 0.75, 5.0, 4, 1.0): (0.4503703703703702, 1.6) in 43.68s
358/675 (5, 1000, 0.1, 2, 6, 6.0, 10, 12, 0.01, 0.1, 0.9, 0.2, 4, 1.0): (0.5111989459815544, 1.8333333333333333) in 15.43s
359/675 (5, 1000, 0.1, 2, 6, 6.0, 10, 12, 0.01, 0.1, 0.9, 1.0, 4, 1.0): (0.5479750402576489, 2.2) in 12.35s
360/675 (5, 1000, 0.1, 2, 6, 6.0, 10, 12, 0.01, 0.1, 0.9, 5.0, 4, 1.0): (0.4948148148148145, 1.8333333333333333) in 45.38s
361/675 (5, 1000, 0.1, 2, 6, 6.0, 10, 12, 0.02, 0.0, 0.5, 0.2, 4, 1.0): (0.43864734299516894, 1.9) in 13.17s
362/675 (5, 1000, 0.1, 2, 6, 6.0, 10, 12, 0.02, 0.0, 0.5, 1.0, 4, 1.0): (0.37102626037408637, 1.6666666666666667) in 12.78s
363/675 (5, 1000, 0.1, 2, 6, 6.0, 10, 12, 0.02, 0.0, 0.5, 5.0, 4, 1.0): (0.4196825396825395, 1.8333333333333333) in 16.19s
364/675 (5, 1000, 0.1, 2, 6, 6.0, 10, 12, 0.02, 0.0, 0.75, 0.2, 4, 1.0): (0.4761352657004829, 2.1333333333333333) in 12.61s
365/675 (5, 1000, 0.1, 2, 6, 6.0, 10, 12, 0.02, 0.0, 0.75, 1.0, 4, 1.0): (0.33912604303908656, 1.7) in 12.14s
366/675 (5, 1000, 0.1, 2, 6, 6.0, 10, 12, 0.02, 0.0, 0.75, 5.0, 4, 1.0): (0.3370370370370369, 1.3666666666666667) in 13.64s
367/675 (5, 1000, 0.1, 2, 6, 6.0, 10, 12, 0.02, 0.0, 0.9, 0.2, 4, 1.0): (0.4633816425120772, 1.9666666666666666) in 12.89s
368/675 (5, 1000, 0.1, 2, 6, 6.0, 10, 12, 0.02, 0.0, 0.9, 1.0, 4, 1.0): (0.438647342995169, 2.4) in 12.75s
369/675 (5, 1000, 0.1, 2, 6, 6.0, 10, 12, 0.02, 0.0, 0.9, 5.0, 4, 1.0): (0.3952334943639292, 1.9) in 13.41s
370/675 (5, 1000, 0.1, 2, 6, 6.0, 10, 12, 0.02, 0.001, 0.5, 0.2, 4, 1.0): (0.49391304347826076, 1.9) in 12.97s
371/675 (5, 1000, 0.1, 2, 6, 6.0, 10, 12, 0.02, 0.001, 0.5, 1.0, 4, 1.0): (0.3910642658468744, 2.1) in 12.71s
372/675 (5, 1000, 0.1, 2, 6, 6.0, 10, 12, 0.02, 0.001, 0.5, 5.0, 4, 1.0): (0.4074074074074072, 1.7666666666666666) in 15.63s
373/675 (5, 1000, 0.1, 2, 6, 6.0, 10, 12, 0.02, 0.001, 0.75, 0.2, 4, 1.0): (0.42975845410627994, 1.7333333333333334) in 12.51s
374/675 (5, 1000, 0.1, 2, 6, 6.0, 10, 12, 0.02, 0.001, 0.75, 1.0, 4, 1.0): (0.4444444444444443, 2.066666666666667) in 12.31s
375/675 (5, 1000, 0.1, 2, 6, 6.0, 10, 12, 0.02, 0.001, 0.75, 5.0, 4, 1.0): (0.3760113960113959, 1.6666666666666667) in 75.41s
376/675 (5, 1000, 0.1, 2, 6, 6.0, 10, 12, 0.02, 0.001, 0.9, 0.2, 4, 1.0): (0.48632528180354245, 2.066666666666667) in 12.66s
377/675 (5, 1000, 0.1, 2, 6, 6.0, 10, 12, 0.02, 0.001, 0.9, 1.0, 4, 1.0): (0.44161030595813205, 2.1) in 11.23s
378/675 (5, 1000, 0.1, 2, 6, 6.0, 10, 12, 0.02, 0.001, 0.9, 5.0, 4, 1.0): (0.373709768492377, 1.8) in 17.05s
379/675 (5, 1000, 0.1, 2, 6, 6.0, 10, 12, 0.02, 0.01, 0.5, 0.2, 4, 1.0): (0.5995297906602254, 2.533333333333333) in 13.65s
380/675 (5, 1000, 0.1, 2, 6, 6.0, 10, 12, 0.02, 0.01, 0.5, 1.0, 4, 1.0): (0.38621578099838955, 1.7666666666666666) in 15.56s
381/675 (5, 1000, 0.1, 2, 6, 6.0, 10, 12, 0.02, 0.01, 0.5, 5.0, 4, 1.0): (0.4465056360708533, 1.7) in 19.01s
382/675 (5, 1000, 0.1, 2, 6, 6.0, 10, 12, 0.02, 0.01, 0.75, 0.2, 4, 1.0): (0.48708534621578087, 1.8333333333333333) in 13.76s
383/675 (5, 1000, 0.1, 2, 6, 6.0, 10, 12, 0.02, 0.01, 0.75, 1.0, 4, 1.0): (0.4199677938808373, 1.9) in 14.54s
384/675 (5, 1000, 0.1, 2, 6, 6.0, 10, 12, 0.02, 0.01, 0.75, 5.0, 4, 1.0): (0.4106397306397305, 1.7333333333333334) in 21.58s
385/675 (5, 1000, 0.1, 2, 6, 6.0, 10, 12, 0.02, 0.01, 0.9, 0.2, 4, 1.0): (0.5334621578099836, 2.033333333333333) in 13.46s
386/675 (5, 1000, 0.1, 2, 6, 6.0, 10, 12, 0.02, 0.01, 0.9, 1.0, 4, 1.0): (0.4389892233370494, 2.2) in 15.32s
387/675 (5, 1000, 0.1, 2, 6, 6.0, 10, 12, 0.02, 0.01, 0.9, 5.0, 4, 1.0): (0.38222222222222213, 1.5666666666666667) in 16.36s
388/675 (5, 1000, 0.1, 2, 6, 6.0, 10, 12, 0.02, 0.05, 0.5, 0.2, 4, 1.0): (0.6403864734299519, 2.3333333333333335) in 17.28s
389/675 (5, 1000, 0.1, 2, 6, 6.0, 10, 12, 0.02, 0.05, 0.5, 1.0, 4, 1.0): (0.6013353152483586, 2.533333333333333) in 24.49s
390/675 (5, 1000, 0.1, 2, 6, 6.0, 10, 12, 0.02, 0.05, 0.5, 5.0, 4, 1.0): (0.5209711383624424, 1.8333333333333333) in 39.92s
391/675 (5, 1000, 0.1, 2, 6, 6.0, 10, 12, 0.02, 0.05, 0.75, 0.2, 4, 1.0): (0.6106280193236714, 2.066666666666667) in 16.53s
392/675 (5, 1000, 0.1, 2, 6, 6.0, 10, 12, 0.02, 0.05, 0.75, 1.0, 4, 1.0): (0.5226409017713364, 2.0) in 19.58s
393/675 (5, 1000, 0.1, 2, 6, 6.0, 10, 12, 0.02, 0.05, 0.75, 5.0, 4, 1.0): (0.42473429951690805, 1.6333333333333333) in 32.14s
394/675 (5, 1000, 0.1, 2, 6, 6.0, 10, 12, 0.02, 0.05, 0.9, 0.2, 4, 1.0): (0.5719806763285022, 1.9) in 16.52s
395/675 (5, 1000, 0.1, 2, 6, 6.0, 10, 12, 0.02, 0.05, 0.9, 1.0, 4, 1.0): (0.5265056360708533, 1.9333333333333333) in 18.39s
396/675 (5, 1000, 0.1, 2, 6, 6.0, 10, 12, 0.02, 0.05, 0.9, 5.0, 4, 1.0): (0.5205797101449273, 1.8333333333333333) in 32.94s
397/675 (5, 1000, 0.1, 2, 6, 6.0, 10, 12, 0.02, 0.1, 0.5, 0.2, 4, 1.0): (0.6028985507246376, 2.066666666666667) in 20.71s
398/675 (5, 1000, 0.1, 2, 6, 6.0, 10, 12, 0.02, 0.1, 0.5, 1.0, 4, 1.0): (0.5779066022544282, 1.9333333333333333) in 18.89s
399/675 (5, 1000, 0.1, 2, 6, 6.0, 10, 12, 0.02, 0.1, 0.5, 5.0, 4, 1.0): (0.5343639291465377, 2.466666666666667) in 59.58s
400/675 (5, 1000, 0.1, 2, 6, 6.0, 10, 12, 0.02, 0.1, 0.75, 0.2, 4, 1.0): (0.5670326452935146, 2.1) in 20.06s
401/675 (5, 1000, 0.1, 2, 6, 6.0, 10, 12, 0.02, 0.1, 0.75, 1.0, 4, 1.0): (0.5970067253954721, 1.9333333333333333) in 14.69s
402/675 (5, 1000, 0.1, 2, 6, 6.0, 10, 12, 0.02, 0.1, 0.75, 5.0, 4, 1.0): (0.5165861513687597, 1.6666666666666667) in 49.96s
403/675 (5, 1000, 0.1, 2, 6, 6.0, 10, 12, 0.02, 0.1, 0.9, 0.2, 4, 1.0): (0.6344605475040258, 2.066666666666667) in 18.72s
404/675 (5, 1000, 0.1, 2, 6, 6.0, 10, 12, 0.02, 0.1, 0.9, 1.0, 4, 1.0): (0.6016103059581319, 2.2666666666666666) in 14.81s
405/675 (5, 1000, 0.1, 2, 6, 6.0, 10, 12, 0.02, 0.1, 0.9, 5.0, 4, 1.0): (0.47214170692431545, 1.9) in 44.10s
406/675 (5, 1000, 0.1, 2, 6, 6.0, 10, 12, 0.05, 0.0, 0.5, 0.2, 4, 1.0): (0.6312399355877616, 2.3) in 22.80s
407/675 (5, 1000, 0.1, 2, 6, 6.0, 10, 12, 0.05, 0.0, 0.5, 1.0, 4, 1.0): (0.537145366710584, 2.1) in 20.22s
408/675 (5, 1000, 0.1, 2, 6, 6.0, 10, 12, 0.05, 0.0, 0.5, 5.0, 4, 1.0): (0.4484380032206116, 1.8666666666666667) in 20.60s
409/675 (5, 1000, 0.1, 2, 6, 6.0, 10, 12, 0.05, 0.0, 0.75, 0.2, 4, 1.0): (0.6014287805592154, 2.1666666666666665) in 22.18s
410/675 (5, 1000, 0.1, 2, 6, 6.0, 10, 12, 0.05, 0.0, 0.75, 1.0, 4, 1.0): (0.5833611477089737, 2.3333333333333335) in 23.31s
411/675 (5, 1000, 0.1, 2, 6, 6.0, 10, 12, 0.05, 0.0, 0.75, 5.0, 4, 1.0): (0.4484380032206117, 1.9333333333333333) in 27.24s
412/675 (5, 1000, 0.1, 2, 6, 6.0, 10, 12, 0.05, 0.0, 0.9, 0.2, 4, 1.0): (0.6293075684380032, 2.3) in 21.86s
413/675 (5, 1000, 0.1, 2, 6, 6.0, 10, 12, 0.05, 0.0, 0.9, 1.0, 4, 1.0): (0.5196779388083734, 2.2666666666666666) in 16.99s
414/675 (5, 1000, 0.1, 2, 6, 6.0, 10, 12, 0.05, 0.0, 0.9, 5.0, 4, 1.0): (0.4927009222661394, 2.2666666666666666) in 22.23s
415/675 (5, 1000, 0.1, 2, 6, 6.0, 10, 12, 0.05, 0.001, 0.5, 0.2, 4, 1.0): (0.6342028985507248, 2.3666666666666667) in 22.56s
416/675 (5, 1000, 0.1, 2, 6, 6.0, 10, 12, 0.05, 0.001, 0.5, 1.0, 4, 1.0): (0.5383574879227051, 2.4) in 18.59s
417/675 (5, 1000, 0.1, 2, 6, 6.0, 10, 12, 0.05, 0.001, 0.5, 5.0, 4, 1.0): (0.39033816425120765, 1.4333333333333333) in 17.87s
418/675 (5, 1000, 0.1, 2, 6, 6.0, 10, 12, 0.05, 0.001, 0.75, 0.2, 4, 1.0): (0.6460547504025764, 2.2333333333333334) in 21.65s
419/675 (5, 1000, 0.1, 2, 6, 6.0, 10, 12, 0.05, 0.001, 0.75, 1.0, 4, 1.0): (0.5038325281803541, 2.2333333333333334) in 19.22s
420/675 (5, 1000, 0.1, 2, 6, 6.0, 10, 12, 0.05, 0.001, 0.75, 5.0, 4, 1.0): (0.5009339774557163, 2.033333333333333) in 41.38s
421/675 (5, 1000, 0.1, 2, 6, 6.0, 10, 12, 0.05, 0.001, 0.9, 0.2, 4, 1.0): (0.6035426731078904, 2.0) in 21.58s
422/675 (5, 1000, 0.1, 2, 6, 6.0, 10, 12, 0.05, 0.001, 0.9, 1.0, 4, 1.0): (0.5233426561573011, 2.066666666666667) in 20.96s
423/675 (5, 1000, 0.1, 2, 6, 6.0, 10, 12, 0.05, 0.001, 0.9, 5.0, 4, 1.0): (0.4845782237086583, 2.0) in 18.43s
424/675 (5, 1000, 0.1, 2, 6, 6.0, 10, 12, 0.05, 0.01, 0.5, 0.2, 4, 1.0): (0.6191843545296231, 2.2666666666666666) in 24.14s
425/675 (5, 1000, 0.1, 2, 6, 6.0, 10, 12, 0.05, 0.01, 0.5, 1.0, 4, 1.0): (0.5532912176390435, 2.1666666666666665) in 21.13s
426/675 (5, 1000, 0.1, 2, 6, 6.0, 10, 12, 0.05, 0.01, 0.5, 5.0, 4, 1.0): (0.48973795930317643, 1.8) in 25.70s
427/675 (5, 1000, 0.1, 2, 6, 6.0, 10, 12, 0.05, 0.01, 0.75, 0.2, 4, 1.0): (0.6196457326892109, 2.4) in 22.99s
428/675 (5, 1000, 0.1, 2, 6, 6.0, 10, 12, 0.05, 0.01, 0.75, 1.0, 4, 1.0): (0.5393880837359096, 2.3666666666666667) in 20.90s
429/675 (5, 1000, 0.1, 2, 6, 6.0, 10, 12, 0.05, 0.01, 0.75, 5.0, 4, 1.0): (0.4016103059581318, 1.6333333333333333) in 22.97s
430/675 (5, 1000, 0.1, 2, 6, 6.0, 10, 12, 0.05, 0.01, 0.9, 0.2, 4, 1.0): (0.6499194847020934, 2.2333333333333334) in 22.66s
431/675 (5, 1000, 0.1, 2, 6, 6.0, 10, 12, 0.05, 0.01, 0.9, 1.0, 4, 1.0): (0.5728824476650562, 2.2) in 21.52s
432/675 (5, 1000, 0.1, 2, 6, 6.0, 10, 12, 0.05, 0.01, 0.9, 5.0, 4, 1.0): (0.48695652173913023, 1.6333333333333333) in 26.50s
433/675 (5, 1000, 0.1, 2, 6, 6.0, 10, 12, 0.05, 0.05, 0.5, 0.2, 4, 1.0): (0.6608695652173913, 2.2) in 29.49s
434/675 (5, 1000, 0.1, 2, 6, 6.0, 10, 12, 0.05, 0.05, 0.5, 1.0, 4, 1.0): (0.6519806763285025, 2.2666666666666666) in 33.04s
435/675 (5, 1000, 0.1, 2, 6, 6.0, 10, 12, 0.05, 0.05, 0.5, 5.0, 4, 1.0): (0.5373268921095006, 1.9666666666666666) in 42.97s
436/675 (5, 1000, 0.1, 2, 6, 6.0, 10, 12, 0.05, 0.05, 0.75, 0.2, 4, 1.0): (0.630156638852291, 2.4) in 27.38s
437/675 (5, 1000, 0.1, 2, 6, 6.0, 10, 12, 0.05, 0.05, 0.75, 1.0, 4, 1.0): (0.6151046698872785, 2.1) in 26.29s
438/675 (5, 1000, 0.1, 2, 6, 6.0, 10, 12, 0.05, 0.05, 0.75, 5.0, 4, 1.0): (0.5086634460547502, 1.8666666666666667) in 42.26s
439/675 (5, 1000, 0.1, 2, 6, 6.0, 10, 12, 0.05, 0.05, 0.9, 0.2, 4, 1.0): (0.6402576489533012, 2.1) in 26.23s
440/675 (5, 1000, 0.1, 2, 6, 6.0, 10, 12, 0.05, 0.05, 0.9, 1.0, 4, 1.0): (0.6666666666666666, 2.033333333333333) in 23.25s
441/675 (5, 1000, 0.1, 2, 6, 6.0, 10, 12, 0.05, 0.05, 0.9, 5.0, 4, 1.0): (0.4759844054580895, 1.8666666666666667) in 37.67s
442/675 (5, 1000, 0.1, 2, 6, 6.0, 10, 12, 0.05, 0.1, 0.5, 0.2, 4, 1.0): (0.6421900161030596, 2.1) in 35.31s
443/675 (5, 1000, 0.1, 2, 6, 6.0, 10, 12, 0.05, 0.1, 0.5, 1.0, 4, 1.0): (0.6647342995169082, 2.033333333333333) in 24.46s
444/675 (5, 1000, 0.1, 2, 6, 6.0, 10, 12, 0.05, 0.1, 0.5, 5.0, 4, 1.0): (0.5629629629629628, 1.7666666666666666) in 76.43s
445/675 (5, 1000, 0.1, 2, 6, 6.0, 10, 12, 0.05, 0.1, 0.75, 0.2, 4, 1.0): (0.625024154589372, 2.3) in 30.91s
446/675 (5, 1000, 0.1, 2, 6, 6.0, 10, 12, 0.05, 0.1, 0.75, 1.0, 4, 1.0): (0.6647342995169082, 2.066666666666667) in 20.76s
447/675 (5, 1000, 0.1, 2, 6, 6.0, 10, 12, 0.05, 0.1, 0.75, 5.0, 4, 1.0): (0.5688888888888887, 1.9666666666666666) in 62.68s
448/675 (5, 1000, 0.1, 2, 6, 6.0, 10, 12, 0.05, 0.1, 0.9, 0.2, 4, 1.0): (0.6352334943639292, 2.2) in 29.93s
449/675 (5, 1000, 0.1, 2, 6, 6.0, 10, 12, 0.05, 0.1, 0.9, 1.0, 4, 1.0): (0.6628019323671498, 2.066666666666667) in 19.06s
450/675 (5, 1000, 0.1, 2, 6, 6.0, 10, 12, 0.05, 0.1, 0.9, 5.0, 4, 1.0): (0.5758454106280192, 1.8) in 64.24s
451/675 (5, 1000, 0.1, 2, 6, 10.0, 10, 12, 0.0, 0.0, 0.5, 0.2, 4, 1.0): (0.2925925925925926, 2.3666666666666667) in 9.05s
452/675 (5, 1000, 0.1, 2, 6, 10.0, 10, 12, 0.0, 0.0, 0.5, 1.0, 4, 1.0): (0.31851851851851853, 2.2) in 10.68s
453/675 (5, 1000, 0.1, 2, 6, 10.0, 10, 12, 0.0, 0.0, 0.5, 5.0, 4, 1.0): (0.3490196078431371, 1.7333333333333334) in 10.10s
454/675 (5, 1000, 0.1, 2, 6, 10.0, 10, 12, 0.0, 0.0, 0.75, 0.2, 4, 1.0): (0.2531518079344167, 2.0) in 9.45s
455/675 (5, 1000, 0.1, 2, 6, 10.0, 10, 12, 0.0, 0.0, 0.75, 1.0, 4, 1.0): (0.34560386473429955, 2.5) in 9.52s
456/675 (5, 1000, 0.1, 2, 6, 10.0, 10, 12, 0.0, 0.0, 0.75, 5.0, 4, 1.0): (0.33675213675213667, 1.8) in 10.95s
457/675 (5, 1000, 0.1, 2, 6, 10.0, 10, 12, 0.0, 0.0, 0.9, 0.2, 4, 1.0): (0.25314814814814823, 1.7333333333333334) in 9.30s
458/675 (5, 1000, 0.1, 2, 6, 10.0, 10, 12, 0.0, 0.0, 0.9, 1.0, 4, 1.0): (0.2943639291465379, 1.9333333333333333) in 9.58s
459/675 (5, 1000, 0.1, 2, 6, 10.0, 10, 12, 0.0, 0.0, 0.9, 5.0, 4, 1.0): (0.35857549857549853, 1.9666666666666666) in 37.36s
460/675 (5, 1000, 0.1, 2, 6, 10.0, 10, 12, 0.0, 0.001, 0.5, 0.2, 4, 1.0): (0.2857004830917874, 2.1666666666666665) in 9.22s
461/675 (5, 1000, 0.1, 2, 6, 10.0, 10, 12, 0.0, 0.001, 0.5, 1.0, 4, 1.0): (0.33952861952861946, 2.533333333333333) in 9.57s
462/675 (5, 1000, 0.1, 2, 6, 10.0, 10, 12, 0.0, 0.001, 0.5, 5.0, 4, 1.0): (0.3282865282865281, 1.6) in 34.37s
463/675 (5, 1000, 0.1, 2, 6, 10.0, 10, 12, 0.0, 0.001, 0.75, 0.2, 4, 1.0): (0.21481481481481488, 2.1) in 9.23s
464/675 (5, 1000, 0.1, 2, 6, 10.0, 10, 12, 0.0, 0.001, 0.75, 1.0, 4, 1.0): (0.3329994067293838, 2.1) in 10.26s
465/675 (5, 1000, 0.1, 2, 6, 10.0, 10, 12, 0.0, 0.001, 0.75, 5.0, 4, 1.0): (0.36336700336700317, 1.9666666666666666) in 12.39s
466/675 (5, 1000, 0.1, 2, 6, 10.0, 10, 12, 0.0, 0.001, 0.9, 0.2, 4, 1.0): (0.25140096618357494, 2.433333333333333) in 9.33s
467/675 (5, 1000, 0.1, 2, 6, 10.0, 10, 12, 0.0, 0.001, 0.9, 1.0, 4, 1.0): (0.2988083735909822, 1.7333333333333334) in 9.58s
468/675 (5, 1000, 0.1, 2, 6, 10.0, 10, 12, 0.0, 0.001, 0.9, 5.0, 4, 1.0): (0.4078632478632477, 2.2) in 51.50s
469/675 (5, 1000, 0.1, 2, 6, 10.0, 10, 12, 0.0, 0.01, 0.5, 0.2, 4, 1.0): (0.3036231884057971, 1.5) in 9.44s
470/675 (5, 1000, 0.1, 2, 6, 10.0, 10, 12, 0.0, 0.01, 0.5, 1.0, 4, 1.0): (0.3610305958132045, 2.2666666666666666) in 12.00s
471/675 (5, 1000, 0.1, 2, 6, 10.0, 10, 12, 0.0, 0.01, 0.5, 5.0, 4, 1.0): (0.3656720659278203, 1.3666666666666667) in 20.09s
472/675 (5, 1000, 0.1, 2, 6, 10.0, 10, 12, 0.0, 0.01, 0.75, 0.2, 4, 1.0): (0.31022222222222223, 1.5) in 9.33s
473/675 (5, 1000, 0.1, 2, 6, 10.0, 10, 12, 0.0, 0.01, 0.75, 1.0, 4, 1.0): (0.3516908212560387, 2.3666666666666667) in 10.99s
474/675 (5, 1000, 0.1, 2, 6, 10.0, 10, 12, 0.0, 0.01, 0.75, 5.0, 4, 1.0): (0.44148148148148125, 1.7666666666666666) in 31.75s
475/675 (5, 1000, 0.1, 2, 6, 10.0, 10, 12, 0.0, 0.01, 0.9, 0.2, 4, 1.0): (0.2548148148148149, 1.6) in 9.25s
476/675 (5, 1000, 0.1, 2, 6, 10.0, 10, 12, 0.0, 0.01, 0.9, 1.0, 4, 1.0): (0.3248631239935589, 2.2666666666666666) in 9.16s
477/675 (5, 1000, 0.1, 2, 6, 10.0, 10, 12, 0.0, 0.01, 0.9, 5.0, 4, 1.0): (0.3555555555555554, 1.3666666666666667) in 32.46s
478/675 (5, 1000, 0.1, 2, 6, 10.0, 10, 12, 0.0, 0.05, 0.5, 0.2, 4, 1.0): (0.29436392914653786, 1.2333333333333334) in 10.16s
479/675 (5, 1000, 0.1, 2, 6, 10.0, 10, 12, 0.0, 0.05, 0.5, 1.0, 4, 1.0): (0.4100483091787438, 2.1666666666666665) in 13.38s
480/675 (5, 1000, 0.1, 2, 6, 10.0, 10, 12, 0.0, 0.05, 0.5, 5.0, 4, 1.0): (0.3229629629629629, 1.4666666666666666) in 18.11s
481/675 (5, 1000, 0.1, 2, 6, 10.0, 10, 12, 0.0, 0.05, 0.75, 0.2, 4, 1.0): (0.32680837359098225, 1.6333333333333333) in 9.60s
482/675 (5, 1000, 0.1, 2, 6, 10.0, 10, 12, 0.0, 0.05, 0.75, 1.0, 4, 1.0): (0.4058937198067632, 2.566666666666667) in 14.54s
483/675 (5, 1000, 0.1, 2, 6, 10.0, 10, 12, 0.0, 0.05, 0.75, 5.0, 4, 1.0): (0.45277777777777767, 1.7333333333333334) in 28.09s
484/675 (5, 1000, 0.1, 2, 6, 10.0, 10, 12, 0.0, 0.05, 0.9, 0.2, 4, 1.0): (0.3170546040111256, 1.7333333333333334) in 9.64s
485/675 (5, 1000, 0.1, 2, 6, 10.0, 10, 12, 0.0, 0.05, 0.9, 1.0, 4, 1.0): (0.4045322793148879, 2.1666666666666665) in 13.94s
486/675 (5, 1000, 0.1, 2, 6, 10.0, 10, 12, 0.0, 0.05, 0.9, 5.0, 4, 1.0): (0.46148148148148127, 1.7) in 26.24s
487/675 (5, 1000, 0.1, 2, 6, 10.0, 10, 12, 0.0, 0.1, 0.5, 0.2, 4, 1.0): (0.35564046259698434, 1.9666666666666666) in 10.41s
488/675 (5, 1000, 0.1, 2, 6, 10.0, 10, 12, 0.0, 0.1, 0.5, 1.0, 4, 1.0): (0.5184219001610305, 2.8) in 12.37s
489/675 (5, 1000, 0.1, 2, 6, 10.0, 10, 12, 0.0, 0.1, 0.5, 5.0, 4, 1.0): (0.44666666666666643, 1.6333333333333333) in 42.51s
490/675 (5, 1000, 0.1, 2, 6, 10.0, 10, 12, 0.0, 0.1, 0.75, 0.2, 4, 1.0): (0.3810950080515297, 2.1) in 10.00s
491/675 (5, 1000, 0.1, 2, 6, 10.0, 10, 12, 0.0, 0.1, 0.75, 1.0, 4, 1.0): (0.4329102620406966, 2.566666666666667) in 10.69s
492/675 (5, 1000, 0.1, 2, 6, 10.0, 10, 12, 0.0, 0.1, 0.75, 5.0, 4, 1.0): (0.5837037037037035, 2.0) in 62.65s
493/675 (5, 1000, 0.1, 2, 6, 10.0, 10, 12, 0.0, 0.1, 0.9, 0.2, 4, 1.0): (0.35537403015663865, 2.033333333333333) in 9.81s
494/675 (5, 1000, 0.1, 2, 6, 10.0, 10, 12, 0.0, 0.1, 0.9, 1.0, 4, 1.0): (0.39487044356609563, 1.8666666666666667) in 10.47s
495/675 (5, 1000, 0.1, 2, 6, 10.0, 10, 12, 0.0, 0.1, 0.9, 5.0, 4, 1.0): (0.43333333333333307, 1.7333333333333334) in 39.40s
496/675 (5, 1000, 0.1, 2, 6, 10.0, 10, 12, 0.001, 0.0, 0.5, 0.2, 4, 1.0): (0.29681159420289854, 2.6) in 9.08s
497/675 (5, 1000, 0.1, 2, 6, 10.0, 10, 12, 0.001, 0.0, 0.5, 1.0, 4, 1.0): (0.3051383399209486, 2.1) in 9.15s
498/675 (5, 1000, 0.1, 2, 6, 10.0, 10, 12, 0.001, 0.0, 0.5, 5.0, 4, 1.0): (0.3459259259259259, 1.7) in 10.32s
499/675 (5, 1000, 0.1, 2, 6, 10.0, 10, 12, 0.001, 0.0, 0.75, 0.2, 4, 1.0): (0.2851119894598155, 2.2666666666666666) in 9.25s
500/675 (5, 1000, 0.1, 2, 6, 10.0, 10, 12, 0.001, 0.0, 0.75, 1.0, 4, 1.0): (0.344652458084683, 2.7666666666666666) in 9.54s
501/675 (5, 1000, 0.1, 2, 6, 10.0, 10, 12, 0.001, 0.0, 0.75, 5.0, 4, 1.0): (0.4140740740740739, 1.8333333333333333) in 20.29s
502/675 (5, 1000, 0.1, 2, 6, 10.0, 10, 12, 0.001, 0.0, 0.9, 0.2, 4, 1.0): (0.26962962962962966, 2.2) in 9.20s
503/675 (5, 1000, 0.1, 2, 6, 10.0, 10, 12, 0.001, 0.0, 0.9, 1.0, 4, 1.0): (0.283167910993998, 1.9666666666666666) in 9.86s
504/675 (5, 1000, 0.1, 2, 6, 10.0, 10, 12, 0.001, 0.0, 0.9, 5.0, 4, 1.0): (0.3680837359098227, 1.8666666666666667) in 11.91s
505/675 (5, 1000, 0.1, 2, 6, 10.0, 10, 12, 0.001, 0.001, 0.5, 0.2, 4, 1.0): (0.23436392914653792, 2.0) in 9.09s
506/675 (5, 1000, 0.1, 2, 6, 10.0, 10, 12, 0.001, 0.001, 0.5, 1.0, 4, 1.0): (0.3341414141414141, 2.033333333333333) in 11.04s
507/675 (5, 1000, 0.1, 2, 6, 10.0, 10, 12, 0.001, 0.001, 0.5, 5.0, 4, 1.0): (0.2702564102564103, 1.6333333333333333) in 16.88s
508/675 (5, 1000, 0.1, 2, 6, 10.0, 10, 12, 0.001, 0.001, 0.75, 0.2, 4, 1.0): (0.2854750402576489, 1.8666666666666667) in 9.12s
509/675 (5, 1000, 0.1, 2, 6, 10.0, 10, 12, 0.001, 0.001, 0.75, 1.0, 4, 1.0): (0.2987439613526571, 2.033333333333333) in 9.65s
510/675 (5, 1000, 0.1, 2, 6, 10.0, 10, 12, 0.001, 0.001, 0.75, 5.0, 4, 1.0): (0.3392592592592591, 1.5) in 29.06s
511/675 (5, 1000, 0.1, 2, 6, 10.0, 10, 12, 0.001, 0.001, 0.9, 0.2, 4, 1.0): (0.27020933977455724, 2.433333333333333) in 9.38s
512/675 (5, 1000, 0.1, 2, 6, 10.0, 10, 12, 0.001, 0.001, 0.9, 1.0, 4, 1.0): (0.2986268481920656, 2.3333333333333335) in 9.59s
513/675 (5, 1000, 0.1, 2, 6, 10.0, 10, 12, 0.001, 0.001, 0.9, 5.0, 4, 1.0): (0.41988874249743785, 2.1) in 10.54s
514/675 (5, 1000, 0.1, 2, 6, 10.0, 10, 12, 0.001, 0.01, 0.5, 0.2, 4, 1.0): (0.3168760064412239, 1.6666666666666667) in 9.34s
515/675 (5, 1000, 0.1, 2, 6, 10.0, 10, 12, 0.001, 0.01, 0.5, 1.0, 4, 1.0): (0.3741384863123994, 2.2666666666666666) in 12.00s
516/675 (5, 1000, 0.1, 2, 6, 10.0, 10, 12, 0.001, 0.01, 0.5, 5.0, 4, 1.0): (0.32592592592592584, 1.2666666666666666) in 25.20s
517/675 (5, 1000, 0.1, 2, 6, 10.0, 10, 12, 0.001, 0.01, 0.75, 0.2, 4, 1.0): (0.2992592592592593, 1.7333333333333334) in 9.13s
518/675 (5, 1000, 0.1, 2, 6, 10.0, 10, 12, 0.001, 0.01, 0.75, 1.0, 4, 1.0): (0.3395491143317229, 1.8333333333333333) in 11.10s
519/675 (5, 1000, 0.1, 2, 6, 10.0, 10, 12, 0.001, 0.01, 0.75, 5.0, 4, 1.0): (0.347089947089947, 1.4) in 14.86s
520/675 (5, 1000, 0.1, 2, 6, 10.0, 10, 12, 0.001, 0.01, 0.9, 0.2, 4, 1.0): (0.26249158249158255, 1.5666666666666667) in 9.20s
521/675 (5, 1000, 0.1, 2, 6, 10.0, 10, 12, 0.001, 0.01, 0.9, 1.0, 4, 1.0): (0.3032528180354267, 1.7) in 10.00s
522/675 (5, 1000, 0.1, 2, 6, 10.0, 10, 12, 0.001, 0.01, 0.9, 5.0, 4, 1.0): (0.42318840579710126, 1.6) in 27.68s
523/675 (5, 1000, 0.1, 2, 6, 10.0, 10, 12, 0.001, 0.05, 0.5, 0.2, 4, 1.0): (0.3210305958132044, 1.9333333333333333) in 10.28s
524/675 (5, 1000, 0.1, 2, 6, 10.0, 10, 12, 0.001, 0.05, 0.5, 1.0, 4, 1.0): (0.4887278582930756, 2.3333333333333335) in 22.94s
525/675 (5, 1000, 0.1, 2, 6, 10.0, 10, 12, 0.001, 0.05, 0.5, 5.0, 4, 1.0): (0.4091787439613525, 1.5) in 27.40s
526/675 (5, 1000, 0.1, 2, 6, 10.0, 10, 12, 0.001, 0.05, 0.75, 0.2, 4, 1.0): (0.29308739569609144, 1.6333333333333333) in 9.56s
527/675 (5, 1000, 0.1, 2, 6, 10.0, 10, 12, 0.001, 0.05, 0.75, 1.0, 4, 1.0): (0.42190016103059574, 2.066666666666667) in 15.35s
528/675 (5, 1000, 0.1, 2, 6, 10.0, 10, 12, 0.001, 0.05, 0.75, 5.0, 4, 1.0): (0.4540740740740739, 1.8333333333333333) in 39.70s
529/675 (5, 1000, 0.1, 2, 6, 10.0, 10, 12, 0.001, 0.05, 0.9, 0.2, 4, 1.0): (0.28354267310789055, 1.4666666666666666) in 9.54s
530/675 (5, 1000, 0.1, 2, 6, 10.0, 10, 12, 0.001, 0.05, 0.9, 1.0, 4, 1.0): (0.4899194847020932, 2.1) in 17.16s
531/675 (5, 1000, 0.1, 2, 6, 10.0, 10, 12, 0.001, 0.05, 0.9, 5.0, 4, 1.0): (0.4106397306397305, 1.6666666666666667) in 26.32s
532/675 (5, 1000, 0.1, 2, 6, 10.0, 10, 12, 0.001, 0.1, 0.5, 0.2, 4, 1.0): (0.31196018152539895, 1.7666666666666666) in 10.07s
533/675 (5, 1000, 0.1, 2, 6, 10.0, 10, 12, 0.001, 0.1, 0.5, 1.0, 4, 1.0): (0.4790982286634458, 2.1) in 13.51s
534/675 (5, 1000, 0.1, 2, 6, 10.0, 10, 12, 0.001, 0.1, 0.5, 5.0, 4, 1.0): (0.5185185185185183, 1.6666666666666667) in 59.04s
535/675 (5, 1000, 0.1, 2, 6, 10.0, 10, 12, 0.001, 0.1, 0.75, 0.2, 4, 1.0): (0.3339130434782608, 1.8666666666666667) in 9.95s
536/675 (5, 1000, 0.1, 2, 6, 10.0, 10, 12, 0.001, 0.1, 0.75, 1.0, 4, 1.0): (0.3625120772946858, 1.9) in 9.81s
537/675 (5, 1000, 0.1, 2, 6, 10.0, 10, 12, 0.001, 0.1, 0.75, 5.0, 4, 1.0): (0.5155555555555552, 1.9) in 56.08s
538/675 (5, 1000, 0.1, 2, 6, 10.0, 10, 12, 0.001, 0.1, 0.9, 0.2, 4, 1.0): (0.2795491143317231, 1.2) in 9.82s
539/675 (5, 1000, 0.1, 2, 6, 10.0, 10, 12, 0.001, 0.1, 0.9, 1.0, 4, 1.0): (0.4139130434782608, 2.0) in 12.36s
540/675 (5, 1000, 0.1, 2, 6, 10.0, 10, 12, 0.001, 0.1, 0.9, 5.0, 4, 1.0): (0.5041440041440038, 2.1) in 51.74s
541/675 (5, 1000, 0.1, 2, 6, 10.0, 10, 12, 0.01, 0.0, 0.5, 0.2, 4, 1.0): (0.38917874396135255, 1.8) in 10.89s
542/675 (5, 1000, 0.1, 2, 6, 10.0, 10, 12, 0.01, 0.0, 0.5, 1.0, 4, 1.0): (0.39909822866344596, 2.3666666666666667) in 11.40s
543/675 (5, 1000, 0.1, 2, 6, 10.0, 10, 12, 0.01, 0.0, 0.5, 5.0, 4, 1.0): (0.36103059581320435, 1.4666666666666666) in 14.47s
544/675 (5, 1000, 0.1, 2, 6, 10.0, 10, 12, 0.01, 0.0, 0.75, 0.2, 4, 1.0): (0.424573268921095, 1.8333333333333333) in 10.88s
545/675 (5, 1000, 0.1, 2, 6, 10.0, 10, 12, 0.01, 0.0, 0.75, 1.0, 4, 1.0): (0.4042629190455276, 2.4) in 11.32s
546/675 (5, 1000, 0.1, 2, 6, 10.0, 10, 12, 0.01, 0.0, 0.75, 5.0, 4, 1.0): (0.36717903674425395, 1.5666666666666667) in 89.54s
547/675 (5, 1000, 0.1, 2, 6, 10.0, 10, 12, 0.01, 0.0, 0.9, 0.2, 4, 1.0): (0.3685668276972623, 1.5666666666666667) in 10.61s
548/675 (5, 1000, 0.1, 2, 6, 10.0, 10, 12, 0.01, 0.0, 0.9, 1.0, 4, 1.0): (0.3712194407846582, 2.3666666666666667) in 10.32s
549/675 (5, 1000, 0.1, 2, 6, 10.0, 10, 12, 0.01, 0.0, 0.9, 5.0, 4, 1.0): (0.44435738174868605, 2.066666666666667) in 60.10s
550/675 (5, 1000, 0.1, 2, 6, 10.0, 10, 12, 0.01, 0.001, 0.5, 0.2, 4, 1.0): (0.3561049540589181, 1.4666666666666666) in 11.09s
551/675 (5, 1000, 0.1, 2, 6, 10.0, 10, 12, 0.01, 0.001, 0.5, 1.0, 4, 1.0): (0.3524989020641193, 1.9666666666666666) in 11.05s
552/675 (5, 1000, 0.1, 2, 6, 10.0, 10, 12, 0.01, 0.001, 0.5, 5.0, 4, 1.0): (0.4168760064412237, 1.9333333333333333) in 20.11s
553/675 (5, 1000, 0.1, 2, 6, 10.0, 10, 12, 0.01, 0.001, 0.75, 0.2, 4, 1.0): (0.33893719806763273, 1.5) in 10.62s
554/675 (5, 1000, 0.1, 2, 6, 10.0, 10, 12, 0.01, 0.001, 0.75, 1.0, 4, 1.0): (0.32074074074074077, 1.5666666666666667) in 10.05s
555/675 (5, 1000, 0.1, 2, 6, 10.0, 10, 12, 0.01, 0.001, 0.75, 5.0, 4, 1.0): (0.37842592592592583, 2.0) in 16.85s
556/675 (5, 1000, 0.1, 2, 6, 10.0, 10, 12, 0.01, 0.001, 0.9, 0.2, 4, 1.0): (0.3879871175523349, 1.9) in 10.51s
557/675 (5, 1000, 0.1, 2, 6, 10.0, 10, 12, 0.01, 0.001, 0.9, 1.0, 4, 1.0): (0.42481627872932204, 2.533333333333333) in 10.09s
558/675 (5, 1000, 0.1, 2, 6, 10.0, 10, 12, 0.01, 0.001, 0.9, 5.0, 4, 1.0): (0.3652910052910052, 1.7666666666666666) in 14.41s
559/675 (5, 1000, 0.1, 2, 6, 10.0, 10, 12, 0.01, 0.01, 0.5, 0.2, 4, 1.0): (0.49610305958132034, 2.0) in 10.92s
560/675 (5, 1000, 0.1, 2, 6, 10.0, 10, 12, 0.01, 0.01, 0.5, 1.0, 4, 1.0): (0.35851851851851835, 1.8333333333333333) in 11.49s
561/675 (5, 1000, 0.1, 2, 6, 10.0, 10, 12, 0.01, 0.01, 0.5, 5.0, 4, 1.0): (0.44444444444444425, 1.5) in 24.02s
562/675 (5, 1000, 0.1, 2, 6, 10.0, 10, 12, 0.01, 0.01, 0.75, 0.2, 4, 1.0): (0.39832528180354243, 2.066666666666667) in 11.50s
563/675 (5, 1000, 0.1, 2, 6, 10.0, 10, 12, 0.01, 0.01, 0.75, 1.0, 4, 1.0): (0.40502415458937185, 2.3333333333333335) in 10.90s
564/675 (5, 1000, 0.1, 2, 6, 10.0, 10, 12, 0.01, 0.01, 0.75, 5.0, 4, 1.0): (0.41227513227513213, 1.6666666666666667) in 18.21s
565/675 (5, 1000, 0.1, 2, 6, 10.0, 10, 12, 0.01, 0.01, 0.9, 0.2, 4, 1.0): (0.42769726247987094, 1.5333333333333334) in 11.38s
566/675 (5, 1000, 0.1, 2, 6, 10.0, 10, 12, 0.01, 0.01, 0.9, 1.0, 4, 1.0): (0.42280193236714947, 2.1666666666666665) in 11.95s
567/675 (5, 1000, 0.1, 2, 6, 10.0, 10, 12, 0.01, 0.01, 0.9, 5.0, 4, 1.0): (0.4188083735909821, 1.6666666666666667) in 18.34s
568/675 (5, 1000, 0.1, 2, 6, 10.0, 10, 12, 0.01, 0.05, 0.5, 0.2, 4, 1.0): (0.5343418933807947, 1.9) in 13.52s
569/675 (5, 1000, 0.1, 2, 6, 10.0, 10, 12, 0.01, 0.05, 0.5, 1.0, 4, 1.0): (0.5509939979505195, 2.2666666666666666) in 20.91s
570/675 (5, 1000, 0.1, 2, 6, 10.0, 10, 12, 0.01, 0.05, 0.5, 5.0, 4, 1.0): (0.4188083735909821, 1.6666666666666667) in 30.16s
571/675 (5, 1000, 0.1, 2, 6, 10.0, 10, 12, 0.01, 0.05, 0.75, 0.2, 4, 1.0): (0.5611594202898549, 1.9) in 13.42s
572/675 (5, 1000, 0.1, 2, 6, 10.0, 10, 12, 0.01, 0.05, 0.75, 1.0, 4, 1.0): (0.5125398916703262, 2.3333333333333335) in 18.71s
573/675 (5, 1000, 0.1, 2, 6, 10.0, 10, 12, 0.01, 0.05, 0.75, 5.0, 4, 1.0): (0.48917874396135247, 1.7) in 29.13s
574/675 (5, 1000, 0.1, 2, 6, 10.0, 10, 12, 0.01, 0.05, 0.9, 0.2, 4, 1.0): (0.46023715415019745, 1.7333333333333334) in 13.17s
575/675 (5, 1000, 0.1, 2, 6, 10.0, 10, 12, 0.01, 0.05, 0.9, 1.0, 4, 1.0): (0.47420289855072456, 1.9) in 15.83s
576/675 (5, 1000, 0.1, 2, 6, 10.0, 10, 12, 0.01, 0.05, 0.9, 5.0, 4, 1.0): (0.42473429951690805, 1.6666666666666667) in 26.68s
577/675 (5, 1000, 0.1, 2, 6, 10.0, 10, 12, 0.01, 0.1, 0.5, 0.2, 4, 1.0): (0.5640579710144925, 2.066666666666667) in 16.20s
578/675 (5, 1000, 0.1, 2, 6, 10.0, 10, 12, 0.01, 0.1, 0.5, 1.0, 4, 1.0): (0.5771336553945249, 2.1666666666666665) in 13.03s
579/675 (5, 1000, 0.1, 2, 6, 10.0, 10, 12, 0.01, 0.1, 0.5, 5.0, 4, 1.0): (0.5780676328502413, 2.0) in 62.49s
580/675 (5, 1000, 0.1, 2, 6, 10.0, 10, 12, 0.01, 0.1, 0.75, 0.2, 4, 1.0): (0.519806763285024, 1.9333333333333333) in 15.27s
581/675 (5, 1000, 0.1, 2, 6, 10.0, 10, 12, 0.01, 0.1, 0.75, 1.0, 4, 1.0): (0.5334621578099836, 1.8333333333333333) in 13.73s
582/675 (5, 1000, 0.1, 2, 6, 10.0, 10, 12, 0.01, 0.1, 0.75, 5.0, 4, 1.0): (0.41555555555555546, 1.8333333333333333) in 41.20s
583/675 (5, 1000, 0.1, 2, 6, 10.0, 10, 12, 0.01, 0.1, 0.9, 0.2, 4, 1.0): (0.5423510466988726, 1.9666666666666666) in 14.93s
584/675 (5, 1000, 0.1, 2, 6, 10.0, 10, 12, 0.01, 0.1, 0.9, 1.0, 4, 1.0): (0.5776167471819644, 2.0) in 14.26s
585/675 (5, 1000, 0.1, 2, 6, 10.0, 10, 12, 0.01, 0.1, 0.9, 5.0, 4, 1.0): (0.5303703703703702, 2.0) in 57.52s
586/675 (5, 1000, 0.1, 2, 6, 10.0, 10, 12, 0.02, 0.0, 0.5, 0.2, 4, 1.0): (0.47433172302737514, 2.066666666666667) in 12.94s
587/675 (5, 1000, 0.1, 2, 6, 10.0, 10, 12, 0.02, 0.0, 0.5, 1.0, 4, 1.0): (0.37407407407407406, 2.0) in 14.14s
588/675 (5, 1000, 0.1, 2, 6, 10.0, 10, 12, 0.02, 0.0, 0.5, 5.0, 4, 1.0): (0.4207456955283041, 1.8) in 42.37s
589/675 (5, 1000, 0.1, 2, 6, 10.0, 10, 12, 0.02, 0.0, 0.75, 0.2, 4, 1.0): (0.5540740740740738, 2.0) in 12.68s
590/675 (5, 1000, 0.1, 2, 6, 10.0, 10, 12, 0.02, 0.0, 0.75, 1.0, 4, 1.0): (0.3514009661835748, 1.8333333333333333) in 11.93s
591/675 (5, 1000, 0.1, 2, 6, 10.0, 10, 12, 0.02, 0.0, 0.75, 5.0, 4, 1.0): (0.3674074074074073, 1.4666666666666666) in 12.76s
592/675 (5, 1000, 0.1, 2, 6, 10.0, 10, 12, 0.02, 0.0, 0.9, 0.2, 4, 1.0): (0.48322061191626386, 1.8666666666666667) in 12.79s
593/675 (5, 1000, 0.1, 2, 6, 10.0, 10, 12, 0.02, 0.0, 0.9, 1.0, 4, 1.0): (0.4355555555555555, 2.2333333333333334) in 13.77s
594/675 (5, 1000, 0.1, 2, 6, 10.0, 10, 12, 0.02, 0.0, 0.9, 5.0, 4, 1.0): (0.3790777338603423, 1.6) in 13.44s
595/675 (5, 1000, 0.1, 2, 6, 10.0, 10, 12, 0.02, 0.001, 0.5, 0.2, 4, 1.0): (0.49200117113160574, 2.1) in 12.94s
596/675 (5, 1000, 0.1, 2, 6, 10.0, 10, 12, 0.02, 0.001, 0.5, 1.0, 4, 1.0): (0.39420289855072455, 2.0) in 19.32s
597/675 (5, 1000, 0.1, 2, 6, 10.0, 10, 12, 0.02, 0.001, 0.5, 5.0, 4, 1.0): (0.46940418679549095, 1.8666666666666667) in 16.24s
598/675 (5, 1000, 0.1, 2, 6, 10.0, 10, 12, 0.02, 0.001, 0.75, 0.2, 4, 1.0): (0.5315297906602253, 2.066666666666667) in 12.77s
599/675 (5, 1000, 0.1, 2, 6, 10.0, 10, 12, 0.02, 0.001, 0.75, 1.0, 4, 1.0): (0.4494685990338162, 2.433333333333333) in 12.71s
600/675 (5, 1000, 0.1, 2, 6, 10.0, 10, 12, 0.02, 0.001, 0.75, 5.0, 4, 1.0): (0.46997845954367673, 2.066666666666667) in 19.45s
601/675 (5, 1000, 0.1, 2, 6, 10.0, 10, 12, 0.02, 0.001, 0.9, 0.2, 4, 1.0): (0.5109178743961351, 2.1) in 12.65s
602/675 (5, 1000, 0.1, 2, 6, 10.0, 10, 12, 0.02, 0.001, 0.9, 1.0, 4, 1.0): (0.4602898550724636, 2.1333333333333333) in 13.47s
603/675 (5, 1000, 0.1, 2, 6, 10.0, 10, 12, 0.02, 0.001, 0.9, 5.0, 4, 1.0): (0.4007131354957441, 1.6) in 16.71s
604/675 (5, 1000, 0.1, 2, 6, 10.0, 10, 12, 0.02, 0.01, 0.5, 0.2, 4, 1.0): (0.5285024154589368, 2.0) in 13.73s
605/675 (5, 1000, 0.1, 2, 6, 10.0, 10, 12, 0.02, 0.01, 0.5, 1.0, 4, 1.0): (0.44354785311307054, 2.966666666666667) in 14.82s
606/675 (5, 1000, 0.1, 2, 6, 10.0, 10, 12, 0.02, 0.01, 0.5, 5.0, 4, 1.0): (0.3724315619967793, 1.4333333333333333) in 16.02s
607/675 (5, 1000, 0.1, 2, 6, 10.0, 10, 12, 0.02, 0.01, 0.75, 0.2, 4, 1.0): (0.5848631239935588, 2.033333333333333) in 13.97s
608/675 (5, 1000, 0.1, 2, 6, 10.0, 10, 12, 0.02, 0.01, 0.75, 1.0, 4, 1.0): (0.4830917874396135, 2.4) in 13.00s
609/675 (5, 1000, 0.1, 2, 6, 10.0, 10, 12, 0.02, 0.01, 0.75, 5.0, 4, 1.0): (0.49658615136875983, 2.0) in 53.68s
610/675 (5, 1000, 0.1, 2, 6, 10.0, 10, 12, 0.02, 0.01, 0.9, 0.2, 4, 1.0): (0.5760166115772521, 2.6) in 13.46s
611/675 (5, 1000, 0.1, 2, 6, 10.0, 10, 12, 0.02, 0.01, 0.9, 1.0, 4, 1.0): (0.40177133655394504, 2.1333333333333333) in 14.32s
612/675 (5, 1000, 0.1, 2, 6, 10.0, 10, 12, 0.02, 0.01, 0.9, 5.0, 4, 1.0): (0.45539452495974214, 1.5666666666666667) in 21.32s
613/675 (5, 1000, 0.1, 2, 6, 10.0, 10, 12, 0.02, 0.05, 0.5, 0.2, 4, 1.0): (0.6075362318840578, 2.0) in 17.69s
614/675 (5, 1000, 0.1, 2, 6, 10.0, 10, 12, 0.02, 0.05, 0.5, 1.0, 4, 1.0): (0.5265056360708532, 2.1333333333333333) in 24.61s
615/675 (5, 1000, 0.1, 2, 6, 10.0, 10, 12, 0.02, 0.05, 0.5, 5.0, 4, 1.0): (0.5105958132045086, 1.9) in 64.97s
616/675 (5, 1000, 0.1, 2, 6, 10.0, 10, 12, 0.02, 0.05, 0.75, 0.2, 4, 1.0): (0.619645732689211, 1.9666666666666666) in 16.45s
617/675 (5, 1000, 0.1, 2, 6, 10.0, 10, 12, 0.02, 0.05, 0.75, 1.0, 4, 1.0): (0.6164251207729468, 2.033333333333333) in 25.03s
618/675 (5, 1000, 0.1, 2, 6, 10.0, 10, 12, 0.02, 0.05, 0.75, 5.0, 4, 1.0): (0.43362318840579683, 1.6666666666666667) in 31.40s
619/675 (5, 1000, 0.1, 2, 6, 10.0, 10, 12, 0.02, 0.05, 0.9, 0.2, 4, 1.0): (0.6135689465208914, 2.033333333333333) in 16.25s
620/675 (5, 1000, 0.1, 2, 6, 10.0, 10, 12, 0.02, 0.05, 0.9, 1.0, 4, 1.0): (0.5697379593031766, 2.2333333333333334) in 22.08s
621/675 (5, 1000, 0.1, 2, 6, 10.0, 10, 12, 0.02, 0.05, 0.9, 5.0, 4, 1.0): (0.4533333333333332, 2.0) in 30.24s
622/675 (5, 1000, 0.1, 2, 6, 10.0, 10, 12, 0.02, 0.1, 0.5, 0.2, 4, 1.0): (0.6075362318840579, 2.066666666666667) in 21.08s
623/675 (5, 1000, 0.1, 2, 6, 10.0, 10, 12, 0.02, 0.1, 0.5, 1.0, 4, 1.0): (0.6183574879227053, 2.1666666666666665) in 17.65s
624/675 (5, 1000, 0.1, 2, 6, 10.0, 10, 12, 0.02, 0.1, 0.5, 5.0, 4, 1.0): (0.5096296296296293, 1.7666666666666666) in 57.21s
625/675 (5, 1000, 0.1, 2, 6, 10.0, 10, 12, 0.02, 0.1, 0.75, 0.2, 4, 1.0): (0.6226200625177607, 2.066666666666667) in 20.06s
626/675 (5, 1000, 0.1, 2, 6, 10.0, 10, 12, 0.02, 0.1, 0.75, 1.0, 4, 1.0): (0.6499194847020935, 2.1333333333333333) in 16.66s
627/675 (5, 1000, 0.1, 2, 6, 10.0, 10, 12, 0.02, 0.1, 0.75, 5.0, 4, 1.0): (0.4799999999999997, 1.7333333333333334) in 48.07s
628/675 (5, 1000, 0.1, 2, 6, 10.0, 10, 12, 0.02, 0.1, 0.9, 0.2, 4, 1.0): (0.6106280193236715, 1.9666666666666666) in 19.04s
629/675 (5, 1000, 0.1, 2, 6, 10.0, 10, 12, 0.02, 0.1, 0.9, 1.0, 4, 1.0): (0.533333333333333, 1.7) in 13.93s
630/675 (5, 1000, 0.1, 2, 6, 10.0, 10, 12, 0.02, 0.1, 0.9, 5.0, 4, 1.0): (0.5321417069243153, 2.0) in 51.85s
631/675 (5, 1000, 0.1, 2, 6, 10.0, 10, 12, 0.05, 0.0, 0.5, 0.2, 4, 1.0): (0.6373590982286635, 2.3666666666666667) in 22.58s
632/675 (5, 1000, 0.1, 2, 6, 10.0, 10, 12, 0.05, 0.0, 0.5, 1.0, 4, 1.0): (0.5551046698872785, 2.433333333333333) in 22.67s
633/675 (5, 1000, 0.1, 2, 6, 10.0, 10, 12, 0.05, 0.0, 0.5, 5.0, 4, 1.0): (0.5525457473283558, 2.6333333333333333) in 21.86s
634/675 (5, 1000, 0.1, 2, 6, 10.0, 10, 12, 0.05, 0.0, 0.75, 0.2, 4, 1.0): (0.6293075684380032, 2.3333333333333335) in 21.89s
635/675 (5, 1000, 0.1, 2, 6, 10.0, 10, 12, 0.05, 0.0, 0.75, 1.0, 4, 1.0): (0.5322280008321196, 2.1666666666666665) in 18.28s
636/675 (5, 1000, 0.1, 2, 6, 10.0, 10, 12, 0.05, 0.0, 0.75, 5.0, 4, 1.0): (0.4761352657004828, 1.9666666666666666) in 21.88s
637/675 (5, 1000, 0.1, 2, 6, 10.0, 10, 12, 0.05, 0.0, 0.9, 0.2, 4, 1.0): (0.6146988727858294, 2.2333333333333334) in 21.10s
638/675 (5, 1000, 0.1, 2, 6, 10.0, 10, 12, 0.05, 0.0, 0.9, 1.0, 4, 1.0): (0.5657853901332162, 2.2333333333333334) in 18.55s
639/675 (5, 1000, 0.1, 2, 6, 10.0, 10, 12, 0.05, 0.0, 0.9, 5.0, 4, 1.0): (0.4763471480633949, 1.8) in 71.32s
640/675 (5, 1000, 0.1, 2, 6, 10.0, 10, 12, 0.05, 0.001, 0.5, 0.2, 4, 1.0): (0.594782608695652, 2.2) in 23.12s
641/675 (5, 1000, 0.1, 2, 6, 10.0, 10, 12, 0.05, 0.001, 0.5, 1.0, 4, 1.0): (0.4819001610305956, 2.1666666666666665) in 18.11s
642/675 (5, 1000, 0.1, 2, 6, 10.0, 10, 12, 0.05, 0.001, 0.5, 5.0, 4, 1.0): (0.4481531029357114, 2.033333333333333) in 19.35s
643/675 (5, 1000, 0.1, 2, 6, 10.0, 10, 12, 0.05, 0.001, 0.75, 0.2, 4, 1.0): (0.5944927536231882, 2.2) in 21.34s
644/675 (5, 1000, 0.1, 2, 6, 10.0, 10, 12, 0.05, 0.001, 0.75, 1.0, 4, 1.0): (0.5533531524835873, 2.2666666666666666) in 19.15s
645/675 (5, 1000, 0.1, 2, 6, 10.0, 10, 12, 0.05, 0.001, 0.75, 5.0, 4, 1.0): (0.42515757994018843, 1.7333333333333334) in 28.20s
646/675 (5, 1000, 0.1, 2, 6, 10.0, 10, 12, 0.05, 0.001, 0.9, 0.2, 4, 1.0): (0.6218196457326891, 2.2666666666666666) in 21.11s
647/675 (5, 1000, 0.1, 2, 6, 10.0, 10, 12, 0.05, 0.001, 0.9, 1.0, 4, 1.0): (0.5451324842629189, 2.533333333333333) in 16.57s
648/675 (5, 1000, 0.1, 2, 6, 10.0, 10, 12, 0.05, 0.001, 0.9, 5.0, 4, 1.0): (0.46177629134150866, 2.0) in 95.92s
649/675 (5, 1000, 0.1, 2, 6, 10.0, 10, 12, 0.05, 0.01, 0.5, 0.2, 4, 1.0): (0.6531400966183577, 2.3) in 24.01s
650/675 (5, 1000, 0.1, 2, 6, 10.0, 10, 12, 0.05, 0.01, 0.5, 1.0, 4, 1.0): (0.5679871175523348, 2.2333333333333334) in 22.20s
651/675 (5, 1000, 0.1, 2, 6, 10.0, 10, 12, 0.05, 0.01, 0.5, 5.0, 4, 1.0): (0.44057971014492736, 1.5666666666666667) in 24.26s
652/675 (5, 1000, 0.1, 2, 6, 10.0, 10, 12, 0.05, 0.01, 0.75, 0.2, 4, 1.0): (0.6293075684380032, 2.1666666666666665) in 22.75s
653/675 (5, 1000, 0.1, 2, 6, 10.0, 10, 12, 0.05, 0.01, 0.75, 1.0, 4, 1.0): (0.5947826086956521, 2.2) in 20.78s
654/675 (5, 1000, 0.1, 2, 6, 10.0, 10, 12, 0.05, 0.01, 0.75, 5.0, 4, 1.0): (0.5226409017713364, 2.0) in 25.48s
655/675 (5, 1000, 0.1, 2, 6, 10.0, 10, 12, 0.05, 0.01, 0.9, 0.2, 4, 1.0): (0.6381496120626554, 2.2666666666666666) in 22.74s
656/675 (5, 1000, 0.1, 2, 6, 10.0, 10, 12, 0.05, 0.01, 0.9, 1.0, 4, 1.0): (0.5716703264529349, 2.4) in 21.21s
657/675 (5, 1000, 0.1, 2, 6, 10.0, 10, 12, 0.05, 0.01, 0.9, 5.0, 4, 1.0): (0.4632528180354265, 1.6333333333333333) in 25.98s
658/675 (5, 1000, 0.1, 2, 6, 10.0, 10, 12, 0.05, 0.05, 0.5, 0.2, 4, 1.0): (0.6302093397745572, 2.2) in 29.09s
659/675 (5, 1000, 0.1, 2, 6, 10.0, 10, 12, 0.05, 0.05, 0.5, 1.0, 4, 1.0): (0.642962962962963, 2.066666666666667) in 37.37s
660/675 (5, 1000, 0.1, 2, 6, 10.0, 10, 12, 0.05, 0.05, 0.5, 5.0, 4, 1.0): (0.4731078904991946, 1.6) in 47.06s
661/675 (5, 1000, 0.1, 2, 6, 10.0, 10, 12, 0.05, 0.05, 0.75, 0.2, 4, 1.0): (0.5838320533972706, 2.2666666666666666) in 27.31s
662/675 (5, 1000, 0.1, 2, 6, 10.0, 10, 12, 0.05, 0.05, 0.75, 1.0, 4, 1.0): (0.6558454106280194, 2.2666666666666666) in 25.66s
663/675 (5, 1000, 0.1, 2, 6, 10.0, 10, 12, 0.05, 0.05, 0.75, 5.0, 4, 1.0): (0.5039935587761672, 1.7666666666666666) in 42.38s
664/675 (5, 1000, 0.1, 2, 6, 10.0, 10, 12, 0.05, 0.05, 0.9, 0.2, 4, 1.0): (0.6125603864734299, 2.066666666666667) in 26.73s
665/675 (5, 1000, 0.1, 2, 6, 10.0, 10, 12, 0.05, 0.05, 0.9, 1.0, 4, 1.0): (0.6469565217391305, 2.1666666666666665) in 26.33s
666/675 (5, 1000, 0.1, 2, 6, 10.0, 10, 12, 0.05, 0.05, 0.9, 5.0, 4, 1.0): (0.5114009661835747, 2.0) in 37.31s
667/675 (5, 1000, 0.1, 2, 6, 10.0, 10, 12, 0.05, 0.1, 0.5, 0.2, 4, 1.0): (0.6492753623188406, 2.3) in 33.96s
668/675 (5, 1000, 0.1, 2, 6, 10.0, 10, 12, 0.05, 0.1, 0.5, 1.0, 4, 1.0): (0.6647342995169082, 2.033333333333333) in 24.22s
669/675 (5, 1000, 0.1, 2, 6, 10.0, 10, 12, 0.05, 0.1, 0.5, 5.0, 4, 1.0): (0.6253968253968253, 2.0) in 82.44s
670/675 (5, 1000, 0.1, 2, 6, 10.0, 10, 12, 0.05, 0.1, 0.75, 0.2, 4, 1.0): (0.62914653784219, 2.3) in 31.59s
671/675 (5, 1000, 0.1, 2, 6, 10.0, 10, 12, 0.05, 0.1, 0.75, 1.0, 4, 1.0): (0.6647342995169082, 2.066666666666667) in 21.07s
672/675 (5, 1000, 0.1, 2, 6, 10.0, 10, 12, 0.05, 0.1, 0.75, 5.0, 4, 1.0): (0.5599999999999998, 2.033333333333333) in 63.41s
673/675 (5, 1000, 0.1, 2, 6, 10.0, 10, 12, 0.05, 0.1, 0.9, 0.2, 4, 1.0): (0.6481159420289856, 2.1333333333333333) in 30.18s
674/675 (5, 1000, 0.1, 2, 6, 10.0, 10, 12, 0.05, 0.1, 0.9, 1.0, 4, 1.0): (0.6666666666666666, 2.0) in 20.29s
675/675 (5, 1000, 0.1, 2, 6, 10.0, 10, 12, 0.05, 0.1, 0.9, 5.0, 4, 1.0): (0.642962962962963, 2.066666666666667) in 75.30s

best: (0.6666666666666666, 2.0)
{'crossover_size_proportion': 0.9,
 'depth_softener': 10.0,
 'generations': 1000,
 'individuals_per_method_and_depth': 5,
 'max_depth': 12,
 'max_gen_depth': 6,
 'max_program_runtime_ms': 10,
 'min_gen_depth': 2,
 'mutation_chance': 0.05,
 'mutation_single_chance': 0.1,
 'p_grow_leaf': 0.1,
 'selection_method': 'FitnessWeighted',
 'selection_pressure': 1.0,
 'tournament_p': 1.0,
 'tournament_size': 4}
