applying method: fitness_weighted
1/675 (5, 1000, 0.1, 2, 6, 1.0, 10, 12, 0.0, 0.0, 0.5, 0.2, 4, 1.0): (0.0, 2.7666666666666666) in 8.84s
2/675 (5, 1000, 0.1, 2, 6, 1.0, 10, 12, 0.0, 0.0, 0.5, 1.0, 4, 1.0): (0.0, 2.7333333333333334) in 8.32s
3/675 (5, 1000, 0.1, 2, 6, 1.0, 10, 12, 0.0, 0.0, 0.5, 5.0, 4, 1.0): (0.0, 2.9) in 8.20s
4/675 (5, 1000, 0.1, 2, 6, 1.0, 10, 12, 0.0, 0.0, 0.75, 0.2, 4, 1.0): (0.0, 2.9) in 8.41s
5/675 (5, 1000, 0.1, 2, 6, 1.0, 10, 12, 0.0, 0.0, 0.75, 1.0, 4, 1.0): (0.0, 2.533333333333333) in 8.68s
6/675 (5, 1000, 0.1, 2, 6, 1.0, 10, 12, 0.0, 0.0, 0.75, 5.0, 4, 1.0): (0.0, 2.7333333333333334) in 8.57s
7/675 (5, 1000, 0.1, 2, 6, 1.0, 10, 12, 0.0, 0.0, 0.9, 0.2, 4, 1.0): (0.0, 2.7666666666666666) in 8.59s
8/675 (5, 1000, 0.1, 2, 6, 1.0, 10, 12, 0.0, 0.0, 0.9, 1.0, 4, 1.0): (0.0, 2.7) in 8.71s
9/675 (5, 1000, 0.1, 2, 6, 1.0, 10, 12, 0.0, 0.0, 0.9, 5.0, 4, 1.0): (0.0, 2.566666666666667) in 8.86s
10/675 (5, 1000, 0.1, 2, 6, 1.0, 10, 12, 0.0, 0.001, 0.5, 0.2, 4, 1.0): (0.0, 2.6666666666666665) in 8.83s
11/675 (5, 1000, 0.1, 2, 6, 1.0, 10, 12, 0.0, 0.001, 0.5, 1.0, 4, 1.0): (0.0, 2.9) in 8.68s
12/675 (5, 1000, 0.1, 2, 6, 1.0, 10, 12, 0.0, 0.001, 0.5, 5.0, 4, 1.0): (0.0, 2.8) in 8.64s
13/675 (5, 1000, 0.1, 2, 6, 1.0, 10, 12, 0.0, 0.001, 0.75, 0.2, 4, 1.0): (0.0, 2.7) in 8.69s
14/675 (5, 1000, 0.1, 2, 6, 1.0, 10, 12, 0.0, 0.001, 0.75, 1.0, 4, 1.0): (0.0, 2.8666666666666667) in 8.82s
15/675 (5, 1000, 0.1, 2, 6, 1.0, 10, 12, 0.0, 0.001, 0.75, 5.0, 4, 1.0): (0.0, 2.8) in 8.48s
16/675 (5, 1000, 0.1, 2, 6, 1.0, 10, 12, 0.0, 0.001, 0.9, 0.2, 4, 1.0): (0.0, 2.7666666666666666) in 8.55s
17/675 (5, 1000, 0.1, 2, 6, 1.0, 10, 12, 0.0, 0.001, 0.9, 1.0, 4, 1.0): (0.0, 2.9) in 8.66s
18/675 (5, 1000, 0.1, 2, 6, 1.0, 10, 12, 0.0, 0.001, 0.9, 5.0, 4, 1.0): (0.0, 2.8) in 8.54s
19/675 (5, 1000, 0.1, 2, 6, 1.0, 10, 12, 0.0, 0.01, 0.5, 0.2, 4, 1.0): (0.0, 2.6333333333333333) in 8.80s
20/675 (5, 1000, 0.1, 2, 6, 1.0, 10, 12, 0.0, 0.01, 0.5, 1.0, 4, 1.0): (0.0, 3.0) in 8.93s
21/675 (5, 1000, 0.1, 2, 6, 1.0, 10, 12, 0.0, 0.01, 0.5, 5.0, 4, 1.0): (0.0, 2.533333333333333) in 8.70s
22/675 (5, 1000, 0.1, 2, 6, 1.0, 10, 12, 0.0, 0.01, 0.75, 0.2, 4, 1.0): (0.0, 2.6666666666666665) in 9.10s
23/675 (5, 1000, 0.1, 2, 6, 1.0, 10, 12, 0.0, 0.01, 0.75, 1.0, 4, 1.0): (0.0, 2.7333333333333334) in 8.65s
24/675 (5, 1000, 0.1, 2, 6, 1.0, 10, 12, 0.0, 0.01, 0.75, 5.0, 4, 1.0): (0.0, 2.8333333333333335) in 8.61s
25/675 (5, 1000, 0.1, 2, 6, 1.0, 10, 12, 0.0, 0.01, 0.9, 0.2, 4, 1.0): (0.0, 2.8) in 8.78s
26/675 (5, 1000, 0.1, 2, 6, 1.0, 10, 12, 0.0, 0.01, 0.9, 1.0, 4, 1.0): (0.0, 2.9) in 8.87s
27/675 (5, 1000, 0.1, 2, 6, 1.0, 10, 12, 0.0, 0.01, 0.9, 5.0, 4, 1.0): (0.0, 2.8) in 8.82s
28/675 (5, 1000, 0.1, 2, 6, 1.0, 10, 12, 0.0, 0.05, 0.5, 0.2, 4, 1.0): (0.0, 2.7333333333333334) in 10.00s
29/675 (5, 1000, 0.1, 2, 6, 1.0, 10, 12, 0.0, 0.05, 0.5, 1.0, 4, 1.0): (0.0, 2.7666666666666666) in 9.31s
30/675 (5, 1000, 0.1, 2, 6, 1.0, 10, 12, 0.0, 0.05, 0.5, 5.0, 4, 1.0): (0.0, 2.6) in 9.39s
31/675 (5, 1000, 0.1, 2, 6, 1.0, 10, 12, 0.0, 0.05, 0.75, 0.2, 4, 1.0): (0.0, 2.6333333333333333) in 9.75s
32/675 (5, 1000, 0.1, 2, 6, 1.0, 10, 12, 0.0, 0.05, 0.75, 1.0, 4, 1.0): (0.0, 2.933333333333333) in 9.03s
33/675 (5, 1000, 0.1, 2, 6, 1.0, 10, 12, 0.0, 0.05, 0.75, 5.0, 4, 1.0): (0.0, 2.8333333333333335) in 9.01s
34/675 (5, 1000, 0.1, 2, 6, 1.0, 10, 12, 0.0, 0.05, 0.9, 0.2, 4, 1.0): (0.0, 2.6666666666666665) in 9.06s
35/675 (5, 1000, 0.1, 2, 6, 1.0, 10, 12, 0.0, 0.05, 0.9, 1.0, 4, 1.0): (0.0, 2.7) in 9.43s
36/675 (5, 1000, 0.1, 2, 6, 1.0, 10, 12, 0.0, 0.05, 0.9, 5.0, 4, 1.0): (0.0, 2.7333333333333334) in 8.97s
37/675 (5, 1000, 0.1, 2, 6, 1.0, 10, 12, 0.0, 0.1, 0.5, 0.2, 4, 1.0): (0.0, 2.8666666666666667) in 10.13s
38/675 (5, 1000, 0.1, 2, 6, 1.0, 10, 12, 0.0, 0.1, 0.5, 1.0, 4, 1.0): (0.0, 2.8) in 10.00s
39/675 (5, 1000, 0.1, 2, 6, 1.0, 10, 12, 0.0, 0.1, 0.5, 5.0, 4, 1.0): (0.0, 2.9) in 9.68s
40/675 (5, 1000, 0.1, 2, 6, 1.0, 10, 12, 0.0, 0.1, 0.75, 0.2, 4, 1.0): (0.0, 2.7666666666666666) in 9.43s
41/675 (5, 1000, 0.1, 2, 6, 1.0, 10, 12, 0.0, 0.1, 0.75, 1.0, 4, 1.0): (0.0, 3.0) in 9.53s
42/675 (5, 1000, 0.1, 2, 6, 1.0, 10, 12, 0.0, 0.1, 0.75, 5.0, 4, 1.0): (0.0, 2.7333333333333334) in 9.46s
43/675 (5, 1000, 0.1, 2, 6, 1.0, 10, 12, 0.0, 0.1, 0.9, 0.2, 4, 1.0): (0.0, 2.966666666666667) in 9.26s
44/675 (5, 1000, 0.1, 2, 6, 1.0, 10, 12, 0.0, 0.1, 0.9, 1.0, 4, 1.0): (0.0, 2.6666666666666665) in 9.29s
45/675 (5, 1000, 0.1, 2, 6, 1.0, 10, 12, 0.0, 0.1, 0.9, 5.0, 4, 1.0): (0.0, 3.0) in 9.56s
46/675 (5, 1000, 0.1, 2, 6, 1.0, 10, 12, 0.001, 0.0, 0.5, 0.2, 4, 1.0): (0.0, 2.8333333333333335) in 8.92s
47/675 (5, 1000, 0.1, 2, 6, 1.0, 10, 12, 0.001, 0.0, 0.5, 1.0, 4, 1.0): (0.0, 2.933333333333333) in 8.76s
48/675 (5, 1000, 0.1, 2, 6, 1.0, 10, 12, 0.001, 0.0, 0.5, 5.0, 4, 1.0): (0.0, 2.8333333333333335) in 8.89s
49/675 (5, 1000, 0.1, 2, 6, 1.0, 10, 12, 0.001, 0.0, 0.75, 0.2, 4, 1.0): (0.0, 2.8) in 8.76s
50/675 (5, 1000, 0.1, 2, 6, 1.0, 10, 12, 0.001, 0.0, 0.75, 1.0, 4, 1.0): (0.0, 2.6) in 8.50s
51/675 (5, 1000, 0.1, 2, 6, 1.0, 10, 12, 0.001, 0.0, 0.75, 5.0, 4, 1.0): (0.0, 2.7666666666666666) in 8.69s
52/675 (5, 1000, 0.1, 2, 6, 1.0, 10, 12, 0.001, 0.0, 0.9, 0.2, 4, 1.0): (0.0, 2.7) in 8.58s
53/675 (5, 1000, 0.1, 2, 6, 1.0, 10, 12, 0.001, 0.0, 0.9, 1.0, 4, 1.0): (0.0, 2.8333333333333335) in 8.73s
54/675 (5, 1000, 0.1, 2, 6, 1.0, 10, 12, 0.001, 0.0, 0.9, 5.0, 4, 1.0): (0.0, 2.6666666666666665) in 8.86s
55/675 (5, 1000, 0.1, 2, 6, 1.0, 10, 12, 0.001, 0.001, 0.5, 0.2, 4, 1.0): (0.0, 2.7666666666666666) in 8.74s
56/675 (5, 1000, 0.1, 2, 6, 1.0, 10, 12, 0.001, 0.001, 0.5, 1.0, 4, 1.0): (0.0, 2.6666666666666665) in 8.80s
57/675 (5, 1000, 0.1, 2, 6, 1.0, 10, 12, 0.001, 0.001, 0.5, 5.0, 4, 1.0): (0.0, 2.7666666666666666) in 8.67s
58/675 (5, 1000, 0.1, 2, 6, 1.0, 10, 12, 0.001, 0.001, 0.75, 0.2, 4, 1.0): (0.0, 2.933333333333333) in 8.72s
59/675 (5, 1000, 0.1, 2, 6, 1.0, 10, 12, 0.001, 0.001, 0.75, 1.0, 4, 1.0): (0.0, 2.533333333333333) in 8.72s
60/675 (5, 1000, 0.1, 2, 6, 1.0, 10, 12, 0.001, 0.001, 0.75, 5.0, 4, 1.0): (0.0, 2.8333333333333335) in 9.04s
61/675 (5, 1000, 0.1, 2, 6, 1.0, 10, 12, 0.001, 0.001, 0.9, 0.2, 4, 1.0): (0.0, 2.8666666666666667) in 8.69s
62/675 (5, 1000, 0.1, 2, 6, 1.0, 10, 12, 0.001, 0.001, 0.9, 1.0, 4, 1.0): (0.0, 2.7666666666666666) in 8.76s
63/675 (5, 1000, 0.1, 2, 6, 1.0, 10, 12, 0.001, 0.001, 0.9, 5.0, 4, 1.0): (0.0, 2.8333333333333335) in 8.59s
64/675 (5, 1000, 0.1, 2, 6, 1.0, 10, 12, 0.001, 0.01, 0.5, 0.2, 4, 1.0): (0.0, 2.7) in 8.84s
65/675 (5, 1000, 0.1, 2, 6, 1.0, 10, 12, 0.001, 0.01, 0.5, 1.0, 4, 1.0): (0.0, 2.466666666666667) in 8.94s
66/675 (5, 1000, 0.1, 2, 6, 1.0, 10, 12, 0.001, 0.01, 0.5, 5.0, 4, 1.0): (0.0, 2.7) in 9.18s
67/675 (5, 1000, 0.1, 2, 6, 1.0, 10, 12, 0.001, 0.01, 0.75, 0.2, 4, 1.0): (0.0, 2.7) in 8.62s
68/675 (5, 1000, 0.1, 2, 6, 1.0, 10, 12, 0.001, 0.01, 0.75, 1.0, 4, 1.0): (0.0, 2.8) in 8.67s
69/675 (5, 1000, 0.1, 2, 6, 1.0, 10, 12, 0.001, 0.01, 0.75, 5.0, 4, 1.0): (0.0, 2.6666666666666665) in 8.75s
70/675 (5, 1000, 0.1, 2, 6, 1.0, 10, 12, 0.001, 0.01, 0.9, 0.2, 4, 1.0): (0.0, 2.8666666666666667) in 8.74s
71/675 (5, 1000, 0.1, 2, 6, 1.0, 10, 12, 0.001, 0.01, 0.9, 1.0, 4, 1.0): (0.0, 2.7) in 8.74s
72/675 (5, 1000, 0.1, 2, 6, 1.0, 10, 12, 0.001, 0.01, 0.9, 5.0, 4, 1.0): (0.0, 2.7) in 8.56s
73/675 (5, 1000, 0.1, 2, 6, 1.0, 10, 12, 0.001, 0.05, 0.5, 0.2, 4, 1.0): (0.0, 2.8) in 9.26s
74/675 (5, 1000, 0.1, 2, 6, 1.0, 10, 12, 0.001, 0.05, 0.5, 1.0, 4, 1.0): (0.0, 2.8) in 9.38s
75/675 (5, 1000, 0.1, 2, 6, 1.0, 10, 12, 0.001, 0.05, 0.5, 5.0, 4, 1.0): (0.0, 2.7666666666666666) in 9.42s
76/675 (5, 1000, 0.1, 2, 6, 1.0, 10, 12, 0.001, 0.05, 0.75, 0.2, 4, 1.0): (0.0, 2.6333333333333333) in 9.07s
77/675 (5, 1000, 0.1, 2, 6, 1.0, 10, 12, 0.001, 0.05, 0.75, 1.0, 4, 1.0): (0.0, 2.8) in 8.99s
78/675 (5, 1000, 0.1, 2, 6, 1.0, 10, 12, 0.001, 0.05, 0.75, 5.0, 4, 1.0): (0.0, 2.9) in 9.21s
79/675 (5, 1000, 0.1, 2, 6, 1.0, 10, 12, 0.001, 0.05, 0.9, 0.2, 4, 1.0): (0.0, 2.6666666666666665) in 9.01s
80/675 (5, 1000, 0.1, 2, 6, 1.0, 10, 12, 0.001, 0.05, 0.9, 1.0, 4, 1.0): (0.0, 2.7666666666666666) in 9.16s
81/675 (5, 1000, 0.1, 2, 6, 1.0, 10, 12, 0.001, 0.05, 0.9, 5.0, 4, 1.0): (0.005012531328320802, 2.8333333333333335) in 67.04s
82/675 (5, 1000, 0.1, 2, 6, 1.0, 10, 12, 0.001, 0.1, 0.5, 0.2, 4, 1.0): (0.0, 2.6333333333333333) in 11.01s
83/675 (5, 1000, 0.1, 2, 6, 1.0, 10, 12, 0.001, 0.1, 0.5, 1.0, 4, 1.0): (0.0, 2.6666666666666665) in 10.29s
84/675 (5, 1000, 0.1, 2, 6, 1.0, 10, 12, 0.001, 0.1, 0.5, 5.0, 4, 1.0): (0.0, 2.6333333333333333) in 9.85s
85/675 (5, 1000, 0.1, 2, 6, 1.0, 10, 12, 0.001, 0.1, 0.75, 0.2, 4, 1.0): (0.0, 2.7333333333333334) in 10.12s
86/675 (5, 1000, 0.1, 2, 6, 1.0, 10, 12, 0.001, 0.1, 0.75, 1.0, 4, 1.0): (0.0, 2.7) in 10.19s
87/675 (5, 1000, 0.1, 2, 6, 1.0, 10, 12, 0.001, 0.1, 0.75, 5.0, 4, 1.0): (0.0, 2.8333333333333335) in 10.24s
88/675 (5, 1000, 0.1, 2, 6, 1.0, 10, 12, 0.001, 0.1, 0.9, 0.2, 4, 1.0): (0.0, 2.7333333333333334) in 10.18s
89/675 (5, 1000, 0.1, 2, 6, 1.0, 10, 12, 0.001, 0.1, 0.9, 1.0, 4, 1.0): (0.0, 2.8333333333333335) in 10.31s
90/675 (5, 1000, 0.1, 2, 6, 1.0, 10, 12, 0.001, 0.1, 0.9, 5.0, 4, 1.0): (0.0, 2.7333333333333334) in 10.00s
91/675 (5, 1000, 0.1, 2, 6, 1.0, 10, 12, 0.01, 0.0, 0.5, 0.2, 4, 1.0): (0.0, 2.466666666666667) in 13.37s
92/675 (5, 1000, 0.1, 2, 6, 1.0, 10, 12, 0.01, 0.0, 0.5, 1.0, 4, 1.0): (0.0, 2.8666666666666667) in 13.46s
93/675 (5, 1000, 0.1, 2, 6, 1.0, 10, 12, 0.01, 0.0, 0.5, 5.0, 4, 1.0): (0.0, 2.7666666666666666) in 13.25s
94/675 (5, 1000, 0.1, 2, 6, 1.0, 10, 12, 0.01, 0.0, 0.75, 0.2, 4, 1.0): (0.0, 2.966666666666667) in 12.74s
95/675 (5, 1000, 0.1, 2, 6, 1.0, 10, 12, 0.01, 0.0, 0.75, 1.0, 4, 1.0): (0.0, 2.6333333333333333) in 13.09s
96/675 (5, 1000, 0.1, 2, 6, 1.0, 10, 12, 0.01, 0.0, 0.75, 5.0, 4, 1.0): (0.0, 2.8666666666666667) in 12.89s
97/675 (5, 1000, 0.1, 2, 6, 1.0, 10, 12, 0.01, 0.0, 0.9, 0.2, 4, 1.0): (0.0, 2.8) in 12.87s
98/675 (5, 1000, 0.1, 2, 6, 1.0, 10, 12, 0.01, 0.0, 0.9, 1.0, 4, 1.0): (0.0, 2.9) in 12.78s
99/675 (5, 1000, 0.1, 2, 6, 1.0, 10, 12, 0.01, 0.0, 0.9, 5.0, 4, 1.0): (0.0, 2.7) in 12.86s
100/675 (5, 1000, 0.1, 2, 6, 1.0, 10, 12, 0.01, 0.001, 0.5, 0.2, 4, 1.0): (0.0, 2.7) in 13.64s
101/675 (5, 1000, 0.1, 2, 6, 1.0, 10, 12, 0.01, 0.001, 0.5, 1.0, 4, 1.0): (0.0, 2.6333333333333333) in 12.69s
102/675 (5, 1000, 0.1, 2, 6, 1.0, 10, 12, 0.01, 0.001, 0.5, 5.0, 4, 1.0): (0.0, 2.7333333333333334) in 12.38s
103/675 (5, 1000, 0.1, 2, 6, 1.0, 10, 12, 0.01, 0.001, 0.75, 0.2, 4, 1.0): (0.0, 2.6666666666666665) in 12.83s
104/675 (5, 1000, 0.1, 2, 6, 1.0, 10, 12, 0.01, 0.001, 0.75, 1.0, 4, 1.0): (0.0, 2.933333333333333) in 11.92s
105/675 (5, 1000, 0.1, 2, 6, 1.0, 10, 12, 0.01, 0.001, 0.75, 5.0, 4, 1.0): (0.0, 2.7333333333333334) in 12.74s
106/675 (5, 1000, 0.1, 2, 6, 1.0, 10, 12, 0.01, 0.001, 0.9, 0.2, 4, 1.0): (0.0, 2.8333333333333335) in 12.02s
107/675 (5, 1000, 0.1, 2, 6, 1.0, 10, 12, 0.01, 0.001, 0.9, 1.0, 4, 1.0): (0.0, 2.8666666666666667) in 12.10s
108/675 (5, 1000, 0.1, 2, 6, 1.0, 10, 12, 0.01, 0.001, 0.9, 5.0, 4, 1.0): (0.0, 2.8333333333333335) in 12.50s
109/675 (5, 1000, 0.1, 2, 6, 1.0, 10, 12, 0.01, 0.01, 0.5, 0.2, 4, 1.0): (0.0, 2.7666666666666666) in 12.82s
110/675 (5, 1000, 0.1, 2, 6, 1.0, 10, 12, 0.01, 0.01, 0.5, 1.0, 4, 1.0): (0.0, 2.8666666666666667) in 13.10s
111/675 (5, 1000, 0.1, 2, 6, 1.0, 10, 12, 0.01, 0.01, 0.5, 5.0, 4, 1.0): (0.0, 2.8666666666666667) in 13.09s
112/675 (5, 1000, 0.1, 2, 6, 1.0, 10, 12, 0.01, 0.01, 0.75, 0.2, 4, 1.0): (0.0, 2.566666666666667) in 12.91s
113/675 (5, 1000, 0.1, 2, 6, 1.0, 10, 12, 0.01, 0.01, 0.75, 1.0, 4, 1.0): (0.0, 2.6) in 12.72s
114/675 (5, 1000, 0.1, 2, 6, 1.0, 10, 12, 0.01, 0.01, 0.75, 5.0, 4, 1.0): (0.0, 2.6666666666666665) in 12.70s
115/675 (5, 1000, 0.1, 2, 6, 1.0, 10, 12, 0.01, 0.01, 0.9, 0.2, 4, 1.0): (0.0, 2.9) in 12.77s
116/675 (5, 1000, 0.1, 2, 6, 1.0, 10, 12, 0.01, 0.01, 0.9, 1.0, 4, 1.0): (0.0, 2.7666666666666666) in 12.62s
117/675 (5, 1000, 0.1, 2, 6, 1.0, 10, 12, 0.01, 0.01, 0.9, 5.0, 4, 1.0): (0.0, 2.7) in 12.56s
118/675 (5, 1000, 0.1, 2, 6, 1.0, 10, 12, 0.01, 0.05, 0.5, 0.2, 4, 1.0): (0.0, 2.8666666666666667) in 15.64s
119/675 (5, 1000, 0.1, 2, 6, 1.0, 10, 12, 0.01, 0.05, 0.5, 1.0, 4, 1.0): (0.0, 2.6666666666666665) in 15.36s
120/675 (5, 1000, 0.1, 2, 6, 1.0, 10, 12, 0.01, 0.05, 0.5, 5.0, 4, 1.0): (0.0, 2.533333333333333) in 15.06s
121/675 (5, 1000, 0.1, 2, 6, 1.0, 10, 12, 0.01, 0.05, 0.75, 0.2, 4, 1.0): (0.0, 2.6666666666666665) in 14.31s
122/675 (5, 1000, 0.1, 2, 6, 1.0, 10, 12, 0.01, 0.05, 0.75, 1.0, 4, 1.0): (0.0, 2.8333333333333335) in 14.53s
123/675 (5, 1000, 0.1, 2, 6, 1.0, 10, 12, 0.01, 0.05, 0.75, 5.0, 4, 1.0): (0.0, 2.7333333333333334) in 14.48s
124/675 (5, 1000, 0.1, 2, 6, 1.0, 10, 12, 0.01, 0.05, 0.9, 0.2, 4, 1.0): (0.0, 2.7) in 13.80s
125/675 (5, 1000, 0.1, 2, 6, 1.0, 10, 12, 0.01, 0.05, 0.9, 1.0, 4, 1.0): (0.0, 2.7) in 14.25s
126/675 (5, 1000, 0.1, 2, 6, 1.0, 10, 12, 0.01, 0.05, 0.9, 5.0, 4, 1.0): (0.0, 2.8666666666666667) in 14.07s
127/675 (5, 1000, 0.1, 2, 6, 1.0, 10, 12, 0.01, 0.1, 0.5, 0.2, 4, 1.0): (0.0, 2.966666666666667) in 17.32s
128/675 (5, 1000, 0.1, 2, 6, 1.0, 10, 12, 0.01, 0.1, 0.5, 1.0, 4, 1.0): (0.0, 2.8666666666666667) in 17.55s
129/675 (5, 1000, 0.1, 2, 6, 1.0, 10, 12, 0.01, 0.1, 0.5, 5.0, 4, 1.0): (0.0, 2.7) in 17.66s
130/675 (5, 1000, 0.1, 2, 6, 1.0, 10, 12, 0.01, 0.1, 0.75, 0.2, 4, 1.0): (0.0, 2.8333333333333335) in 16.38s
131/675 (5, 1000, 0.1, 2, 6, 1.0, 10, 12, 0.01, 0.1, 0.75, 1.0, 4, 1.0): (0.0, 2.7) in 16.84s
132/675 (5, 1000, 0.1, 2, 6, 1.0, 10, 12, 0.01, 0.1, 0.75, 5.0, 4, 1.0): (0.0, 2.966666666666667) in 16.91s
133/675 (5, 1000, 0.1, 2, 6, 1.0, 10, 12, 0.01, 0.1, 0.9, 0.2, 4, 1.0): (0.0, 2.6666666666666665) in 15.96s
134/675 (5, 1000, 0.1, 2, 6, 1.0, 10, 12, 0.01, 0.1, 0.9, 1.0, 4, 1.0): (0.0, 2.8333333333333335) in 15.72s
135/675 (5, 1000, 0.1, 2, 6, 1.0, 10, 12, 0.01, 0.1, 0.9, 5.0, 4, 1.0): (0.0, 2.466666666666667) in 15.34s
136/675 (5, 1000, 0.1, 2, 6, 1.0, 10, 12, 0.02, 0.0, 0.5, 0.2, 4, 1.0): (0.0, 2.7) in 16.76s
137/675 (5, 1000, 0.1, 2, 6, 1.0, 10, 12, 0.02, 0.0, 0.5, 1.0, 4, 1.0): (0.0, 2.7666666666666666) in 16.73s
138/675 (5, 1000, 0.1, 2, 6, 1.0, 10, 12, 0.02, 0.0, 0.5, 5.0, 4, 1.0): (0.0, 2.933333333333333) in 16.79s
139/675 (5, 1000, 0.1, 2, 6, 1.0, 10, 12, 0.02, 0.0, 0.75, 0.2, 4, 1.0): (0.0, 2.8) in 15.57s
140/675 (5, 1000, 0.1, 2, 6, 1.0, 10, 12, 0.02, 0.0, 0.75, 1.0, 4, 1.0): (0.0, 2.7666666666666666) in 15.83s
141/675 (5, 1000, 0.1, 2, 6, 1.0, 10, 12, 0.02, 0.0, 0.75, 5.0, 4, 1.0): (0.0, 2.7333333333333334) in 15.62s
142/675 (5, 1000, 0.1, 2, 6, 1.0, 10, 12, 0.02, 0.0, 0.9, 0.2, 4, 1.0): (0.0, 2.7) in 15.31s
143/675 (5, 1000, 0.1, 2, 6, 1.0, 10, 12, 0.02, 0.0, 0.9, 1.0, 4, 1.0): (0.0, 2.7666666666666666) in 15.24s
144/675 (5, 1000, 0.1, 2, 6, 1.0, 10, 12, 0.02, 0.0, 0.9, 5.0, 4, 1.0): (0.0, 2.7333333333333334) in 15.57s
145/675 (5, 1000, 0.1, 2, 6, 1.0, 10, 12, 0.02, 0.001, 0.5, 0.2, 4, 1.0): (0.0, 2.8) in 17.41s
146/675 (5, 1000, 0.1, 2, 6, 1.0, 10, 12, 0.02, 0.001, 0.5, 1.0, 4, 1.0): (0.0, 2.966666666666667) in 16.42s
147/675 (5, 1000, 0.1, 2, 6, 1.0, 10, 12, 0.02, 0.001, 0.5, 5.0, 4, 1.0): (0.0, 2.933333333333333) in 16.36s
148/675 (5, 1000, 0.1, 2, 6, 1.0, 10, 12, 0.02, 0.001, 0.75, 0.2, 4, 1.0): (0.0, 2.8333333333333335) in 15.83s
149/675 (5, 1000, 0.1, 2, 6, 1.0, 10, 12, 0.02, 0.001, 0.75, 1.0, 4, 1.0): (0.0, 2.7333333333333334) in 16.03s
150/675 (5, 1000, 0.1, 2, 6, 1.0, 10, 12, 0.02, 0.001, 0.75, 5.0, 4, 1.0): (0.0, 2.533333333333333) in 15.96s
151/675 (5, 1000, 0.1, 2, 6, 1.0, 10, 12, 0.02, 0.001, 0.9, 0.2, 4, 1.0): (0.0, 3.0) in 15.66s
152/675 (5, 1000, 0.1, 2, 6, 1.0, 10, 12, 0.02, 0.001, 0.9, 1.0, 4, 1.0): (0.0, 2.6) in 15.79s
153/675 (5, 1000, 0.1, 2, 6, 1.0, 10, 12, 0.02, 0.001, 0.9, 5.0, 4, 1.0): (0.0, 2.8666666666666667) in 15.53s
154/675 (5, 1000, 0.1, 2, 6, 1.0, 10, 12, 0.02, 0.01, 0.5, 0.2, 4, 1.0): (0.0, 2.8666666666666667) in 17.47s
155/675 (5, 1000, 0.1, 2, 6, 1.0, 10, 12, 0.02, 0.01, 0.5, 1.0, 4, 1.0): (0.0, 2.7333333333333334) in 17.56s
156/675 (5, 1000, 0.1, 2, 6, 1.0, 10, 12, 0.02, 0.01, 0.5, 5.0, 4, 1.0): (0.0, 2.8333333333333335) in 17.86s
157/675 (5, 1000, 0.1, 2, 6, 1.0, 10, 12, 0.02, 0.01, 0.75, 0.2, 4, 1.0): (0.0, 2.933333333333333) in 16.63s
158/675 (5, 1000, 0.1, 2, 6, 1.0, 10, 12, 0.02, 0.01, 0.75, 1.0, 4, 1.0): (0.0, 2.6666666666666665) in 17.24s
159/675 (5, 1000, 0.1, 2, 6, 1.0, 10, 12, 0.02, 0.01, 0.75, 5.0, 4, 1.0): (0.0, 2.7) in 16.79s
160/675 (5, 1000, 0.1, 2, 6, 1.0, 10, 12, 0.02, 0.01, 0.9, 0.2, 4, 1.0): (0.0, 2.8333333333333335) in 16.12s
161/675 (5, 1000, 0.1, 2, 6, 1.0, 10, 12, 0.02, 0.01, 0.9, 1.0, 4, 1.0): (0.0, 2.8) in 16.30s
162/675 (5, 1000, 0.1, 2, 6, 1.0, 10, 12, 0.02, 0.01, 0.9, 5.0, 4, 1.0): (0.0, 2.8333333333333335) in 16.49s
163/675 (5, 1000, 0.1, 2, 6, 1.0, 10, 12, 0.02, 0.05, 0.5, 0.2, 4, 1.0): (0.0, 2.6333333333333333) in 20.19s
164/675 (5, 1000, 0.1, 2, 6, 1.0, 10, 12, 0.02, 0.05, 0.5, 1.0, 4, 1.0): (0.0, 2.7) in 20.28s
165/675 (5, 1000, 0.1, 2, 6, 1.0, 10, 12, 0.02, 0.05, 0.5, 5.0, 4, 1.0): (0.0, 2.7333333333333334) in 20.03s
166/675 (5, 1000, 0.1, 2, 6, 1.0, 10, 12, 0.02, 0.05, 0.75, 0.2, 4, 1.0): (0.0, 2.8333333333333335) in 19.05s
167/675 (5, 1000, 0.1, 2, 6, 1.0, 10, 12, 0.02, 0.05, 0.75, 1.0, 4, 1.0): (0.0, 2.8333333333333335) in 19.12s
168/675 (5, 1000, 0.1, 2, 6, 1.0, 10, 12, 0.02, 0.05, 0.75, 5.0, 4, 1.0): (0.0, 2.8333333333333335) in 18.89s
169/675 (5, 1000, 0.1, 2, 6, 1.0, 10, 12, 0.02, 0.05, 0.9, 0.2, 4, 1.0): (0.0, 2.8333333333333335) in 18.95s
170/675 (5, 1000, 0.1, 2, 6, 1.0, 10, 12, 0.02, 0.05, 0.9, 1.0, 4, 1.0): (0.0, 2.8) in 18.58s
171/675 (5, 1000, 0.1, 2, 6, 1.0, 10, 12, 0.02, 0.05, 0.9, 5.0, 4, 1.0): (0.0, 2.6) in 19.03s
172/675 (5, 1000, 0.1, 2, 6, 1.0, 10, 12, 0.02, 0.1, 0.5, 0.2, 4, 1.0): (0.0, 2.8666666666666667) in 23.04s
173/675 (5, 1000, 0.1, 2, 6, 1.0, 10, 12, 0.02, 0.1, 0.5, 1.0, 4, 1.0): (0.0, 2.8) in 23.17s
174/675 (5, 1000, 0.1, 2, 6, 1.0, 10, 12, 0.02, 0.1, 0.5, 5.0, 4, 1.0): (0.0, 3.0) in 24.12s
175/675 (5, 1000, 0.1, 2, 6, 1.0, 10, 12, 0.02, 0.1, 0.75, 0.2, 4, 1.0): (0.0, 2.6666666666666665) in 21.23s
176/675 (5, 1000, 0.1, 2, 6, 1.0, 10, 12, 0.02, 0.1, 0.75, 1.0, 4, 1.0): (0.0, 2.7666666666666666) in 21.20s
177/675 (5, 1000, 0.1, 2, 6, 1.0, 10, 12, 0.02, 0.1, 0.75, 5.0, 4, 1.0): (0.0, 2.8) in 21.02s
178/675 (5, 1000, 0.1, 2, 6, 1.0, 10, 12, 0.02, 0.1, 0.9, 0.2, 4, 1.0): (0.0, 2.533333333333333) in 20.26s
179/675 (5, 1000, 0.1, 2, 6, 1.0, 10, 12, 0.02, 0.1, 0.9, 1.0, 4, 1.0): (0.0, 2.6) in 20.99s
180/675 (5, 1000, 0.1, 2, 6, 1.0, 10, 12, 0.02, 0.1, 0.9, 5.0, 4, 1.0): (0.0, 2.6333333333333333) in 21.14s
181/675 (5, 1000, 0.1, 2, 6, 1.0, 10, 12, 0.05, 0.0, 0.5, 0.2, 4, 1.0): (0.0, 2.8666666666666667) in 28.06s
182/675 (5, 1000, 0.1, 2, 6, 1.0, 10, 12, 0.05, 0.0, 0.5, 1.0, 4, 1.0): (0.0, 2.8) in 27.10s
183/675 (5, 1000, 0.1, 2, 6, 1.0, 10, 12, 0.05, 0.0, 0.5, 5.0, 4, 1.0): (0.0, 2.933333333333333) in 27.63s
184/675 (5, 1000, 0.1, 2, 6, 1.0, 10, 12, 0.05, 0.0, 0.75, 0.2, 4, 1.0): (0.0, 2.6333333333333333) in 25.47s
185/675 (5, 1000, 0.1, 2, 6, 1.0, 10, 12, 0.05, 0.0, 0.75, 1.0, 4, 1.0): (0.0, 2.7666666666666666) in 26.02s
186/675 (5, 1000, 0.1, 2, 6, 1.0, 10, 12, 0.05, 0.0, 0.75, 5.0, 4, 1.0): (0.0, 2.8) in 25.90s
187/675 (5, 1000, 0.1, 2, 6, 1.0, 10, 12, 0.05, 0.0, 0.9, 0.2, 4, 1.0): (0.0, 2.6) in 24.93s
188/675 (5, 1000, 0.1, 2, 6, 1.0, 10, 12, 0.05, 0.0, 0.9, 1.0, 4, 1.0): (0.0, 2.8666666666666667) in 25.26s
189/675 (5, 1000, 0.1, 2, 6, 1.0, 10, 12, 0.05, 0.0, 0.9, 5.0, 4, 1.0): (0.0, 2.7666666666666666) in 24.82s
190/675 (5, 1000, 0.1, 2, 6, 1.0, 10, 12, 0.05, 0.001, 0.5, 0.2, 4, 1.0): (0.0, 2.7) in 27.22s
191/675 (5, 1000, 0.1, 2, 6, 1.0, 10, 12, 0.05, 0.001, 0.5, 1.0, 4, 1.0): (0.0, 2.7333333333333334) in 27.69s
192/675 (5, 1000, 0.1, 2, 6, 1.0, 10, 12, 0.05, 0.001, 0.5, 5.0, 4, 1.0): (0.0, 2.7333333333333334) in 27.69s
193/675 (5, 1000, 0.1, 2, 6, 1.0, 10, 12, 0.05, 0.001, 0.75, 0.2, 4, 1.0): (0.0, 2.8666666666666667) in 25.93s
194/675 (5, 1000, 0.1, 2, 6, 1.0, 10, 12, 0.05, 0.001, 0.75, 1.0, 4, 1.0): (0.0, 2.9) in 26.41s
195/675 (5, 1000, 0.1, 2, 6, 1.0, 10, 12, 0.05, 0.001, 0.75, 5.0, 4, 1.0): (0.0, 2.7) in 25.78s
196/675 (5, 1000, 0.1, 2, 6, 1.0, 10, 12, 0.05, 0.001, 0.9, 0.2, 4, 1.0): (0.0, 2.6666666666666665) in 25.49s
197/675 (5, 1000, 0.1, 2, 6, 1.0, 10, 12, 0.05, 0.001, 0.9, 1.0, 4, 1.0): (0.0, 2.7333333333333334) in 25.53s
198/675 (5, 1000, 0.1, 2, 6, 1.0, 10, 12, 0.05, 0.001, 0.9, 5.0, 4, 1.0): (0.0, 2.7666666666666666) in 25.22s
199/675 (5, 1000, 0.1, 2, 6, 1.0, 10, 12, 0.05, 0.01, 0.5, 0.2, 4, 1.0): (0.0, 2.6333333333333333) in 29.13s
200/675 (5, 1000, 0.1, 2, 6, 1.0, 10, 12, 0.05, 0.01, 0.5, 1.0, 4, 1.0): (0.0, 2.9) in 29.41s
201/675 (5, 1000, 0.1, 2, 6, 1.0, 10, 12, 0.05, 0.01, 0.5, 5.0, 4, 1.0): (0.0, 2.7333333333333334) in 28.43s
202/675 (5, 1000, 0.1, 2, 6, 1.0, 10, 12, 0.05, 0.01, 0.75, 0.2, 4, 1.0): (0.0, 2.566666666666667) in 26.74s
203/675 (5, 1000, 0.1, 2, 6, 1.0, 10, 12, 0.05, 0.01, 0.75, 1.0, 4, 1.0): (0.0, 2.8666666666666667) in 27.11s
204/675 (5, 1000, 0.1, 2, 6, 1.0, 10, 12, 0.05, 0.01, 0.75, 5.0, 4, 1.0): (0.0, 2.4) in 26.95s
205/675 (5, 1000, 0.1, 2, 6, 1.0, 10, 12, 0.05, 0.01, 0.9, 0.2, 4, 1.0): (0.0, 2.7) in 25.89s
206/675 (5, 1000, 0.1, 2, 6, 1.0, 10, 12, 0.05, 0.01, 0.9, 1.0, 4, 1.0): (0.0, 2.933333333333333) in 26.83s
207/675 (5, 1000, 0.1, 2, 6, 1.0, 10, 12, 0.05, 0.01, 0.9, 5.0, 4, 1.0): (0.0, 2.7) in 25.89s
208/675 (5, 1000, 0.1, 2, 6, 1.0, 10, 12, 0.05, 0.05, 0.5, 0.2, 4, 1.0): (0.0, 2.8) in 32.92s
209/675 (5, 1000, 0.1, 2, 6, 1.0, 10, 12, 0.05, 0.05, 0.5, 1.0, 4, 1.0): (0.0, 2.566666666666667) in 33.28s
210/675 (5, 1000, 0.1, 2, 6, 1.0, 10, 12, 0.05, 0.05, 0.5, 5.0, 4, 1.0): (0.0, 2.8333333333333335) in 32.60s
211/675 (5, 1000, 0.1, 2, 6, 1.0, 10, 12, 0.05, 0.05, 0.75, 0.2, 4, 1.0): (0.0, 2.7333333333333334) in 30.03s
212/675 (5, 1000, 0.1, 2, 6, 1.0, 10, 12, 0.05, 0.05, 0.75, 1.0, 4, 1.0): (0.0, 3.0) in 30.45s
213/675 (5, 1000, 0.1, 2, 6, 1.0, 10, 12, 0.05, 0.05, 0.75, 5.0, 4, 1.0): (0.0, 2.7333333333333334) in 30.04s
214/675 (5, 1000, 0.1, 2, 6, 1.0, 10, 12, 0.05, 0.05, 0.9, 0.2, 4, 1.0): (0.0, 2.7) in 29.46s
215/675 (5, 1000, 0.1, 2, 6, 1.0, 10, 12, 0.05, 0.05, 0.9, 1.0, 4, 1.0): (0.0, 2.7) in 28.62s
216/675 (5, 1000, 0.1, 2, 6, 1.0, 10, 12, 0.05, 0.05, 0.9, 5.0, 4, 1.0): (0.0, 2.7333333333333334) in 29.02s
217/675 (5, 1000, 0.1, 2, 6, 1.0, 10, 12, 0.05, 0.1, 0.5, 0.2, 4, 1.0): (0.0, 2.8666666666666667) in 38.53s
218/675 (5, 1000, 0.1, 2, 6, 1.0, 10, 12, 0.05, 0.1, 0.5, 1.0, 4, 1.0): (0.0, 2.8) in 39.03s
219/675 (5, 1000, 0.1, 2, 6, 1.0, 10, 12, 0.05, 0.1, 0.5, 5.0, 4, 1.0): (0.0, 2.7333333333333334) in 38.00s
220/675 (5, 1000, 0.1, 2, 6, 1.0, 10, 12, 0.05, 0.1, 0.75, 0.2, 4, 1.0): (0.0, 2.9) in 34.33s
221/675 (5, 1000, 0.1, 2, 6, 1.0, 10, 12, 0.05, 0.1, 0.75, 1.0, 4, 1.0): (0.0, 2.8666666666666667) in 35.14s
222/675 (5, 1000, 0.1, 2, 6, 1.0, 10, 12, 0.05, 0.1, 0.75, 5.0, 4, 1.0): (0.0, 2.8333333333333335) in 34.60s
223/675 (5, 1000, 0.1, 2, 6, 1.0, 10, 12, 0.05, 0.1, 0.9, 0.2, 4, 1.0): (0.0, 2.7333333333333334) in 32.93s
224/675 (5, 1000, 0.1, 2, 6, 1.0, 10, 12, 0.05, 0.1, 0.9, 1.0, 4, 1.0): (0.0, 2.6666666666666665) in 32.36s
225/675 (5, 1000, 0.1, 2, 6, 1.0, 10, 12, 0.05, 0.1, 0.9, 5.0, 4, 1.0): (0.0, 2.8) in 32.95s
226/675 (5, 1000, 0.1, 2, 6, 6.0, 10, 12, 0.0, 0.0, 0.5, 0.2, 4, 1.0): (0.0, 2.6666666666666665) in 9.15s
227/675 (5, 1000, 0.1, 2, 6, 6.0, 10, 12, 0.0, 0.0, 0.5, 1.0, 4, 1.0): (0.0, 2.9) in 8.72s
228/675 (5, 1000, 0.1, 2, 6, 6.0, 10, 12, 0.0, 0.0, 0.5, 5.0, 4, 1.0): (0.0, 2.7666666666666666) in 9.15s
229/675 (5, 1000, 0.1, 2, 6, 6.0, 10, 12, 0.0, 0.0, 0.75, 0.2, 4, 1.0): (0.0, 2.8333333333333335) in 9.03s
230/675 (5, 1000, 0.1, 2, 6, 6.0, 10, 12, 0.0, 0.0, 0.75, 1.0, 4, 1.0): (0.0, 2.466666666666667) in 8.99s
231/675 (5, 1000, 0.1, 2, 6, 6.0, 10, 12, 0.0, 0.0, 0.75, 5.0, 4, 1.0): (0.0, 2.6666666666666665) in 8.92s
232/675 (5, 1000, 0.1, 2, 6, 6.0, 10, 12, 0.0, 0.0, 0.9, 0.2, 4, 1.0): (0.0, 2.933333333333333) in 8.72s
233/675 (5, 1000, 0.1, 2, 6, 6.0, 10, 12, 0.0, 0.0, 0.9, 1.0, 4, 1.0): (0.0, 2.6666666666666665) in 8.94s
234/675 (5, 1000, 0.1, 2, 6, 6.0, 10, 12, 0.0, 0.0, 0.9, 5.0, 4, 1.0): (0.0, 2.8) in 9.03s
235/675 (5, 1000, 0.1, 2, 6, 6.0, 10, 12, 0.0, 0.001, 0.5, 0.2, 4, 1.0): (0.0, 2.8333333333333335) in 9.30s
236/675 (5, 1000, 0.1, 2, 6, 6.0, 10, 12, 0.0, 0.001, 0.5, 1.0, 4, 1.0): (0.0, 2.7333333333333334) in 9.35s
237/675 (5, 1000, 0.1, 2, 6, 6.0, 10, 12, 0.0, 0.001, 0.5, 5.0, 4, 1.0): (0.0, 2.9) in 8.66s
238/675 (5, 1000, 0.1, 2, 6, 6.0, 10, 12, 0.0, 0.001, 0.75, 0.2, 4, 1.0): (0.0, 2.7) in 9.03s
239/675 (5, 1000, 0.1, 2, 6, 6.0, 10, 12, 0.0, 0.001, 0.75, 1.0, 4, 1.0): (0.0, 2.8) in 8.73s
240/675 (5, 1000, 0.1, 2, 6, 6.0, 10, 12, 0.0, 0.001, 0.75, 5.0, 4, 1.0): (0.0, 2.566666666666667) in 8.91s
241/675 (5, 1000, 0.1, 2, 6, 6.0, 10, 12, 0.0, 0.001, 0.9, 0.2, 4, 1.0): (0.0, 2.7333333333333334) in 8.77s
242/675 (5, 1000, 0.1, 2, 6, 6.0, 10, 12, 0.0, 0.001, 0.9, 1.0, 4, 1.0): (0.0, 2.8) in 8.89s
243/675 (5, 1000, 0.1, 2, 6, 6.0, 10, 12, 0.0, 0.001, 0.9, 5.0, 4, 1.0): (0.0, 2.7) in 8.73s
244/675 (5, 1000, 0.1, 2, 6, 6.0, 10, 12, 0.0, 0.01, 0.5, 0.2, 4, 1.0): (0.0, 2.7) in 9.31s
245/675 (5, 1000, 0.1, 2, 6, 6.0, 10, 12, 0.0, 0.01, 0.5, 1.0, 4, 1.0): (0.0, 2.7) in 9.35s
246/675 (5, 1000, 0.1, 2, 6, 6.0, 10, 12, 0.0, 0.01, 0.5, 5.0, 4, 1.0): (0.0, 2.8) in 9.22s
247/675 (5, 1000, 0.1, 2, 6, 6.0, 10, 12, 0.0, 0.01, 0.75, 0.2, 4, 1.0): (0.0, 2.8666666666666667) in 8.99s
248/675 (5, 1000, 0.1, 2, 6, 6.0, 10, 12, 0.0, 0.01, 0.75, 1.0, 4, 1.0): (0.0, 2.7333333333333334) in 9.08s
249/675 (5, 1000, 0.1, 2, 6, 6.0, 10, 12, 0.0, 0.01, 0.75, 5.0, 4, 1.0): (0.0, 2.7) in 8.84s
250/675 (5, 1000, 0.1, 2, 6, 6.0, 10, 12, 0.0, 0.01, 0.9, 0.2, 4, 1.0): (0.0, 2.7666666666666666) in 9.17s
251/675 (5, 1000, 0.1, 2, 6, 6.0, 10, 12, 0.0, 0.01, 0.9, 1.0, 4, 1.0): (0.0, 2.6666666666666665) in 9.09s
252/675 (5, 1000, 0.1, 2, 6, 6.0, 10, 12, 0.0, 0.01, 0.9, 5.0, 4, 1.0): (0.0, 2.7666666666666666) in 8.97s
253/675 (5, 1000, 0.1, 2, 6, 6.0, 10, 12, 0.0, 0.05, 0.5, 0.2, 4, 1.0): (0.0, 2.7333333333333334) in 9.58s
254/675 (5, 1000, 0.1, 2, 6, 6.0, 10, 12, 0.0, 0.05, 0.5, 1.0, 4, 1.0): (0.0, 2.7666666666666666) in 9.37s
255/675 (5, 1000, 0.1, 2, 6, 6.0, 10, 12, 0.0, 0.05, 0.5, 5.0, 4, 1.0): (0.0, 2.8666666666666667) in 9.57s
256/675 (5, 1000, 0.1, 2, 6, 6.0, 10, 12, 0.0, 0.05, 0.75, 0.2, 4, 1.0): (0.0, 2.7) in 9.69s
257/675 (5, 1000, 0.1, 2, 6, 6.0, 10, 12, 0.0, 0.05, 0.75, 1.0, 4, 1.0): (0.0, 2.6) in 9.32s
258/675 (5, 1000, 0.1, 2, 6, 6.0, 10, 12, 0.0, 0.05, 0.75, 5.0, 4, 1.0): (0.0, 2.933333333333333) in 9.28s
259/675 (5, 1000, 0.1, 2, 6, 6.0, 10, 12, 0.0, 0.05, 0.9, 0.2, 4, 1.0): (0.0, 2.933333333333333) in 9.28s
260/675 (5, 1000, 0.1, 2, 6, 6.0, 10, 12, 0.0, 0.05, 0.9, 1.0, 4, 1.0): (0.0, 2.7666666666666666) in 9.43s
261/675 (5, 1000, 0.1, 2, 6, 6.0, 10, 12, 0.0, 0.05, 0.9, 5.0, 4, 1.0): (0.0, 2.6333333333333333) in 9.37s
262/675 (5, 1000, 0.1, 2, 6, 6.0, 10, 12, 0.0, 0.1, 0.5, 0.2, 4, 1.0): (0.0, 2.8666666666666667) in 10.00s
263/675 (5, 1000, 0.1, 2, 6, 6.0, 10, 12, 0.0, 0.1, 0.5, 1.0, 4, 1.0): (0.0, 2.8) in 10.04s
264/675 (5, 1000, 0.1, 2, 6, 6.0, 10, 12, 0.0, 0.1, 0.5, 5.0, 4, 1.0): (0.0, 2.933333333333333) in 10.38s
265/675 (5, 1000, 0.1, 2, 6, 6.0, 10, 12, 0.0, 0.1, 0.75, 0.2, 4, 1.0): (0.0, 2.8666666666666667) in 9.53s
266/675 (5, 1000, 0.1, 2, 6, 6.0, 10, 12, 0.0, 0.1, 0.75, 1.0, 4, 1.0): (0.0, 2.7333333333333334) in 9.59s
267/675 (5, 1000, 0.1, 2, 6, 6.0, 10, 12, 0.0, 0.1, 0.75, 5.0, 4, 1.0): (0.0, 2.7333333333333334) in 9.92s
268/675 (5, 1000, 0.1, 2, 6, 6.0, 10, 12, 0.0, 0.1, 0.9, 0.2, 4, 1.0): (0.0, 2.7666666666666666) in 9.73s
269/675 (5, 1000, 0.1, 2, 6, 6.0, 10, 12, 0.0, 0.1, 0.9, 1.0, 4, 1.0): (0.0, 2.8) in 9.60s
270/675 (5, 1000, 0.1, 2, 6, 6.0, 10, 12, 0.0, 0.1, 0.9, 5.0, 4, 1.0): (0.0, 2.933333333333333) in 9.57s
271/675 (5, 1000, 0.1, 2, 6, 6.0, 10, 12, 0.001, 0.0, 0.5, 0.2, 4, 1.0): (0.0, 3.0) in 8.93s
272/675 (5, 1000, 0.1, 2, 6, 6.0, 10, 12, 0.001, 0.0, 0.5, 1.0, 4, 1.0): (0.0, 2.6333333333333333) in 8.90s
273/675 (5, 1000, 0.1, 2, 6, 6.0, 10, 12, 0.001, 0.0, 0.5, 5.0, 4, 1.0): (0.0, 2.7666666666666666) in 8.88s
274/675 (5, 1000, 0.1, 2, 6, 6.0, 10, 12, 0.001, 0.0, 0.75, 0.2, 4, 1.0): (0.0, 2.8666666666666667) in 8.76s
275/675 (5, 1000, 0.1, 2, 6, 6.0, 10, 12, 0.001, 0.0, 0.75, 1.0, 4, 1.0): (0.0, 2.6) in 8.94s
276/675 (5, 1000, 0.1, 2, 6, 6.0, 10, 12, 0.001, 0.0, 0.75, 5.0, 4, 1.0): (0.0, 2.6666666666666665) in 8.74s
277/675 (5, 1000, 0.1, 2, 6, 6.0, 10, 12, 0.001, 0.0, 0.9, 0.2, 4, 1.0): (0.0, 2.966666666666667) in 8.94s
278/675 (5, 1000, 0.1, 2, 6, 6.0, 10, 12, 0.001, 0.0, 0.9, 1.0, 4, 1.0): (0.0, 2.8) in 8.96s
279/675 (5, 1000, 0.1, 2, 6, 6.0, 10, 12, 0.001, 0.0, 0.9, 5.0, 4, 1.0): (0.0, 2.8333333333333335) in 8.63s
280/675 (5, 1000, 0.1, 2, 6, 6.0, 10, 12, 0.001, 0.001, 0.5, 0.2, 4, 1.0): (0.0, 2.8666666666666667) in 8.91s
281/675 (5, 1000, 0.1, 2, 6, 6.0, 10, 12, 0.001, 0.001, 0.5, 1.0, 4, 1.0): (0.0, 2.8666666666666667) in 9.11s
282/675 (5, 1000, 0.1, 2, 6, 6.0, 10, 12, 0.001, 0.001, 0.5, 5.0, 4, 1.0): (0.0, 2.9) in 8.81s
283/675 (5, 1000, 0.1, 2, 6, 6.0, 10, 12, 0.001, 0.001, 0.75, 0.2, 4, 1.0): (0.0, 2.6333333333333333) in 9.20s
284/675 (5, 1000, 0.1, 2, 6, 6.0, 10, 12, 0.001, 0.001, 0.75, 1.0, 4, 1.0): (0.0, 2.7666666666666666) in 8.82s
285/675 (5, 1000, 0.1, 2, 6, 6.0, 10, 12, 0.001, 0.001, 0.75, 5.0, 4, 1.0): (0.0, 2.466666666666667) in 8.95s
286/675 (5, 1000, 0.1, 2, 6, 6.0, 10, 12, 0.001, 0.001, 0.9, 0.2, 4, 1.0): (0.0, 2.7333333333333334) in 9.14s
287/675 (5, 1000, 0.1, 2, 6, 6.0, 10, 12, 0.001, 0.001, 0.9, 1.0, 4, 1.0): (0.0, 2.7666666666666666) in 8.75s
288/675 (5, 1000, 0.1, 2, 6, 6.0, 10, 12, 0.001, 0.001, 0.9, 5.0, 4, 1.0): (0.0, 2.8) in 8.89s
289/675 (5, 1000, 0.1, 2, 6, 6.0, 10, 12, 0.001, 0.01, 0.5, 0.2, 4, 1.0): (0.0, 2.6666666666666665) in 8.99s
290/675 (5, 1000, 0.1, 2, 6, 6.0, 10, 12, 0.001, 0.01, 0.5, 1.0, 4, 1.0): (0.0, 2.7666666666666666) in 9.80s
291/675 (5, 1000, 0.1, 2, 6, 6.0, 10, 12, 0.001, 0.01, 0.5, 5.0, 4, 1.0): (0.0, 2.8333333333333335) in 9.06s
292/675 (5, 1000, 0.1, 2, 6, 6.0, 10, 12, 0.001, 0.01, 0.75, 0.2, 4, 1.0): (0.0, 2.8666666666666667) in 9.00s
293/675 (5, 1000, 0.1, 2, 6, 6.0, 10, 12, 0.001, 0.01, 0.75, 1.0, 4, 1.0): (0.0, 2.8) in 8.95s
294/675 (5, 1000, 0.1, 2, 6, 6.0, 10, 12, 0.001, 0.01, 0.75, 5.0, 4, 1.0): (0.0, 2.8) in 9.14s
295/675 (5, 1000, 0.1, 2, 6, 6.0, 10, 12, 0.001, 0.01, 0.9, 0.2, 4, 1.0): (0.0, 2.6666666666666665) in 8.99s
296/675 (5, 1000, 0.1, 2, 6, 6.0, 10, 12, 0.001, 0.01, 0.9, 1.0, 4, 1.0): (0.0, 2.6666666666666665) in 8.73s
297/675 (5, 1000, 0.1, 2, 6, 6.0, 10, 12, 0.001, 0.01, 0.9, 5.0, 4, 1.0): (0.0, 2.8666666666666667) in 8.78s
298/675 (5, 1000, 0.1, 2, 6, 6.0, 10, 12, 0.001, 0.05, 0.5, 0.2, 4, 1.0): (0.0, 2.533333333333333) in 9.32s
299/675 (5, 1000, 0.1, 2, 6, 6.0, 10, 12, 0.001, 0.05, 0.5, 1.0, 4, 1.0): (0.0, 2.8) in 9.48s
300/675 (5, 1000, 0.1, 2, 6, 6.0, 10, 12, 0.001, 0.05, 0.5, 5.0, 4, 1.0): (0.0, 2.566666666666667) in 9.53s
301/675 (5, 1000, 0.1, 2, 6, 6.0, 10, 12, 0.001, 0.05, 0.75, 0.2, 4, 1.0): (0.0, 2.8) in 9.34s
302/675 (5, 1000, 0.1, 2, 6, 6.0, 10, 12, 0.001, 0.05, 0.75, 1.0, 4, 1.0): (0.0, 2.6666666666666665) in 9.74s
303/675 (5, 1000, 0.1, 2, 6, 6.0, 10, 12, 0.001, 0.05, 0.75, 5.0, 4, 1.0): (0.0, 2.6) in 9.53s
304/675 (5, 1000, 0.1, 2, 6, 6.0, 10, 12, 0.001, 0.05, 0.9, 0.2, 4, 1.0): (0.0, 2.8) in 9.22s
305/675 (5, 1000, 0.1, 2, 6, 6.0, 10, 12, 0.001, 0.05, 0.9, 1.0, 4, 1.0): (0.0, 2.8) in 9.23s
306/675 (5, 1000, 0.1, 2, 6, 6.0, 10, 12, 0.001, 0.05, 0.9, 5.0, 4, 1.0): (0.0, 2.8) in 9.26s
307/675 (5, 1000, 0.1, 2, 6, 6.0, 10, 12, 0.001, 0.1, 0.5, 0.2, 4, 1.0): (0.0, 2.7333333333333334) in 10.30s
308/675 (5, 1000, 0.1, 2, 6, 6.0, 10, 12, 0.001, 0.1, 0.5, 1.0, 4, 1.0): (0.0, 2.7) in 10.47s
309/675 (5, 1000, 0.1, 2, 6, 6.0, 10, 12, 0.001, 0.1, 0.5, 5.0, 4, 1.0): (0.0, 2.8333333333333335) in 10.20s
310/675 (5, 1000, 0.1, 2, 6, 6.0, 10, 12, 0.001, 0.1, 0.75, 0.2, 4, 1.0): (0.0, 2.6333333333333333) in 9.68s
311/675 (5, 1000, 0.1, 2, 6, 6.0, 10, 12, 0.001, 0.1, 0.75, 1.0, 4, 1.0): (0.0, 2.6666666666666665) in 9.87s
312/675 (5, 1000, 0.1, 2, 6, 6.0, 10, 12, 0.001, 0.1, 0.75, 5.0, 4, 1.0): (0.0, 2.8) in 9.65s
313/675 (5, 1000, 0.1, 2, 6, 6.0, 10, 12, 0.001, 0.1, 0.9, 0.2, 4, 1.0): (0.0, 2.7666666666666666) in 9.67s
314/675 (5, 1000, 0.1, 2, 6, 6.0, 10, 12, 0.001, 0.1, 0.9, 1.0, 4, 1.0): (0.0, 2.7666666666666666) in 9.43s
315/675 (5, 1000, 0.1, 2, 6, 6.0, 10, 12, 0.001, 0.1, 0.9, 5.0, 4, 1.0): (0.0, 2.8) in 9.56s
316/675 (5, 1000, 0.1, 2, 6, 6.0, 10, 12, 0.01, 0.0, 0.5, 0.2, 4, 1.0): (0.0, 2.933333333333333) in 12.64s
317/675 (5, 1000, 0.1, 2, 6, 6.0, 10, 12, 0.01, 0.0, 0.5, 1.0, 4, 1.0): (0.0, 2.8666666666666667) in 12.53s
318/675 (5, 1000, 0.1, 2, 6, 6.0, 10, 12, 0.01, 0.0, 0.5, 5.0, 4, 1.0): (0.0, 2.566666666666667) in 12.33s
319/675 (5, 1000, 0.1, 2, 6, 6.0, 10, 12, 0.01, 0.0, 0.75, 0.2, 4, 1.0): (0.0, 2.8333333333333335) in 12.36s
320/675 (5, 1000, 0.1, 2, 6, 6.0, 10, 12, 0.01, 0.0, 0.75, 1.0, 4, 1.0): (0.0, 2.7333333333333334) in 12.43s
321/675 (5, 1000, 0.1, 2, 6, 6.0, 10, 12, 0.01, 0.0, 0.75, 5.0, 4, 1.0): (0.0, 2.8) in 12.25s
322/675 (5, 1000, 0.1, 2, 6, 6.0, 10, 12, 0.01, 0.0, 0.9, 0.2, 4, 1.0): (0.0, 2.7) in 12.40s
323/675 (5, 1000, 0.1, 2, 6, 6.0, 10, 12, 0.01, 0.0, 0.9, 1.0, 4, 1.0): (0.0, 2.8) in 12.54s
324/675 (5, 1000, 0.1, 2, 6, 6.0, 10, 12, 0.01, 0.0, 0.9, 5.0, 4, 1.0): (0.0, 2.8) in 11.93s
325/675 (5, 1000, 0.1, 2, 6, 6.0, 10, 12, 0.01, 0.001, 0.5, 0.2, 4, 1.0): (0.0, 2.6666666666666665) in 12.47s
326/675 (5, 1000, 0.1, 2, 6, 6.0, 10, 12, 0.01, 0.001, 0.5, 1.0, 4, 1.0): (0.0, 2.8333333333333335) in 12.28s
327/675 (5, 1000, 0.1, 2, 6, 6.0, 10, 12, 0.01, 0.001, 0.5, 5.0, 4, 1.0): (0.0, 2.8666666666666667) in 13.01s
328/675 (5, 1000, 0.1, 2, 6, 6.0, 10, 12, 0.01, 0.001, 0.75, 0.2, 4, 1.0): (0.0, 2.566666666666667) in 12.25s
329/675 (5, 1000, 0.1, 2, 6, 6.0, 10, 12, 0.01, 0.001, 0.75, 1.0, 4, 1.0): (0.0, 2.6666666666666665) in 12.66s
330/675 (5, 1000, 0.1, 2, 6, 6.0, 10, 12, 0.01, 0.001, 0.75, 5.0, 4, 1.0): (0.0, 2.7333333333333334) in 12.19s
331/675 (5, 1000, 0.1, 2, 6, 6.0, 10, 12, 0.01, 0.001, 0.9, 0.2, 4, 1.0): (0.0, 2.7666666666666666) in 12.40s
332/675 (5, 1000, 0.1, 2, 6, 6.0, 10, 12, 0.01, 0.001, 0.9, 1.0, 4, 1.0): (0.0, 2.7333333333333334) in 12.33s
333/675 (5, 1000, 0.1, 2, 6, 6.0, 10, 12, 0.01, 0.001, 0.9, 5.0, 4, 1.0): (0.0, 2.8333333333333335) in 12.50s
334/675 (5, 1000, 0.1, 2, 6, 6.0, 10, 12, 0.01, 0.01, 0.5, 0.2, 4, 1.0): (0.0, 2.7333333333333334) in 13.22s
335/675 (5, 1000, 0.1, 2, 6, 6.0, 10, 12, 0.01, 0.01, 0.5, 1.0, 4, 1.0): (0.0, 2.6333333333333333) in 13.41s
336/675 (5, 1000, 0.1, 2, 6, 6.0, 10, 12, 0.01, 0.01, 0.5, 5.0, 4, 1.0): (0.0, 2.8) in 13.47s
337/675 (5, 1000, 0.1, 2, 6, 6.0, 10, 12, 0.01, 0.01, 0.75, 0.2, 4, 1.0): (0.0, 2.7333333333333334) in 12.60s
338/675 (5, 1000, 0.1, 2, 6, 6.0, 10, 12, 0.01, 0.01, 0.75, 1.0, 4, 1.0): (0.0, 2.8) in 13.37s
339/675 (5, 1000, 0.1, 2, 6, 6.0, 10, 12, 0.01, 0.01, 0.75, 5.0, 4, 1.0): (0.0, 2.933333333333333) in 12.66s
340/675 (5, 1000, 0.1, 2, 6, 6.0, 10, 12, 0.01, 0.01, 0.9, 0.2, 4, 1.0): (0.0, 2.8666666666666667) in 12.81s
341/675 (5, 1000, 0.1, 2, 6, 6.0, 10, 12, 0.01, 0.01, 0.9, 1.0, 4, 1.0): (0.0, 2.7333333333333334) in 12.49s
342/675 (5, 1000, 0.1, 2, 6, 6.0, 10, 12, 0.01, 0.01, 0.9, 5.0, 4, 1.0): (0.0, 2.7333333333333334) in 12.70s
343/675 (5, 1000, 0.1, 2, 6, 6.0, 10, 12, 0.01, 0.05, 0.5, 0.2, 4, 1.0): (0.0, 2.6666666666666665) in 15.93s
344/675 (5, 1000, 0.1, 2, 6, 6.0, 10, 12, 0.01, 0.05, 0.5, 1.0, 4, 1.0): (0.0, 2.6333333333333333) in 15.62s
345/675 (5, 1000, 0.1, 2, 6, 6.0, 10, 12, 0.01, 0.05, 0.5, 5.0, 4, 1.0): (0.0, 2.7666666666666666) in 15.50s
346/675 (5, 1000, 0.1, 2, 6, 6.0, 10, 12, 0.01, 0.05, 0.75, 0.2, 4, 1.0): (0.0, 2.7666666666666666) in 14.80s
347/675 (5, 1000, 0.1, 2, 6, 6.0, 10, 12, 0.01, 0.05, 0.75, 1.0, 4, 1.0): (0.0, 2.7666666666666666) in 14.40s
348/675 (5, 1000, 0.1, 2, 6, 6.0, 10, 12, 0.01, 0.05, 0.75, 5.0, 4, 1.0): (0.0, 2.7333333333333334) in 15.04s
349/675 (5, 1000, 0.1, 2, 6, 6.0, 10, 12, 0.01, 0.05, 0.9, 0.2, 4, 1.0): (0.0, 2.8666666666666667) in 14.39s
350/675 (5, 1000, 0.1, 2, 6, 6.0, 10, 12, 0.01, 0.05, 0.9, 1.0, 4, 1.0): (0.0, 2.7666666666666666) in 14.35s
351/675 (5, 1000, 0.1, 2, 6, 6.0, 10, 12, 0.01, 0.05, 0.9, 5.0, 4, 1.0): (0.0, 2.8333333333333335) in 14.46s
352/675 (5, 1000, 0.1, 2, 6, 6.0, 10, 12, 0.01, 0.1, 0.5, 0.2, 4, 1.0): (0.0, 2.8333333333333335) in 17.94s
353/675 (5, 1000, 0.1, 2, 6, 6.0, 10, 12, 0.01, 0.1, 0.5, 1.0, 4, 1.0): (0.0, 2.6333333333333333) in 17.78s
354/675 (5, 1000, 0.1, 2, 6, 6.0, 10, 12, 0.01, 0.1, 0.5, 5.0, 4, 1.0): (0.0, 2.6) in 17.83s
355/675 (5, 1000, 0.1, 2, 6, 6.0, 10, 12, 0.01, 0.1, 0.75, 0.2, 4, 1.0): (0.0, 2.8666666666666667) in 16.69s
356/675 (5, 1000, 0.1, 2, 6, 6.0, 10, 12, 0.01, 0.1, 0.75, 1.0, 4, 1.0): (0.0, 2.7333333333333334) in 16.32s
357/675 (5, 1000, 0.1, 2, 6, 6.0, 10, 12, 0.01, 0.1, 0.75, 5.0, 4, 1.0): (0.0, 2.8666666666666667) in 17.08s
358/675 (5, 1000, 0.1, 2, 6, 6.0, 10, 12, 0.01, 0.1, 0.9, 0.2, 4, 1.0): (0.0, 2.8666666666666667) in 16.33s
359/675 (5, 1000, 0.1, 2, 6, 6.0, 10, 12, 0.01, 0.1, 0.9, 1.0, 4, 1.0): (0.0, 2.7666666666666666) in 16.29s
360/675 (5, 1000, 0.1, 2, 6, 6.0, 10, 12, 0.01, 0.1, 0.9, 5.0, 4, 1.0): (0.0, 2.8) in 15.49s
361/675 (5, 1000, 0.1, 2, 6, 6.0, 10, 12, 0.02, 0.0, 0.5, 0.2, 4, 1.0): (0.0, 2.8333333333333335) in 16.26s
362/675 (5, 1000, 0.1, 2, 6, 6.0, 10, 12, 0.02, 0.0, 0.5, 1.0, 4, 1.0): (0.0, 2.7666666666666666) in 16.74s
363/675 (5, 1000, 0.1, 2, 6, 6.0, 10, 12, 0.02, 0.0, 0.5, 5.0, 4, 1.0): (0.0, 2.933333333333333) in 16.59s
364/675 (5, 1000, 0.1, 2, 6, 6.0, 10, 12, 0.02, 0.0, 0.75, 0.2, 4, 1.0): (0.0, 2.6666666666666665) in 16.03s
365/675 (5, 1000, 0.1, 2, 6, 6.0, 10, 12, 0.02, 0.0, 0.75, 1.0, 4, 1.0): (0.0, 2.8333333333333335) in 15.53s
366/675 (5, 1000, 0.1, 2, 6, 6.0, 10, 12, 0.02, 0.0, 0.75, 5.0, 4, 1.0): (0.0, 2.7333333333333334) in 16.16s
367/675 (5, 1000, 0.1, 2, 6, 6.0, 10, 12, 0.02, 0.0, 0.9, 0.2, 4, 1.0): (0.0, 2.3666666666666667) in 15.80s
368/675 (5, 1000, 0.1, 2, 6, 6.0, 10, 12, 0.02, 0.0, 0.9, 1.0, 4, 1.0): (0.0, 2.7333333333333334) in 15.47s
369/675 (5, 1000, 0.1, 2, 6, 6.0, 10, 12, 0.02, 0.0, 0.9, 5.0, 4, 1.0): (0.0, 2.8) in 15.64s
370/675 (5, 1000, 0.1, 2, 6, 6.0, 10, 12, 0.02, 0.001, 0.5, 0.2, 4, 1.0): (0.0, 2.566666666666667) in 17.00s
371/675 (5, 1000, 0.1, 2, 6, 6.0, 10, 12, 0.02, 0.001, 0.5, 1.0, 4, 1.0): (0.0, 2.5) in 16.10s
372/675 (5, 1000, 0.1, 2, 6, 6.0, 10, 12, 0.02, 0.001, 0.5, 5.0, 4, 1.0): (0.0, 2.7666666666666666) in 16.76s
373/675 (5, 1000, 0.1, 2, 6, 6.0, 10, 12, 0.02, 0.001, 0.75, 0.2, 4, 1.0): (0.0, 2.8666666666666667) in 15.86s
374/675 (5, 1000, 0.1, 2, 6, 6.0, 10, 12, 0.02, 0.001, 0.75, 1.0, 4, 1.0): (0.0, 2.7333333333333334) in 15.75s
375/675 (5, 1000, 0.1, 2, 6, 6.0, 10, 12, 0.02, 0.001, 0.75, 5.0, 4, 1.0): (0.0, 2.966666666666667) in 16.18s
376/675 (5, 1000, 0.1, 2, 6, 6.0, 10, 12, 0.02, 0.001, 0.9, 0.2, 4, 1.0): (0.0, 2.8666666666666667) in 15.90s
377/675 (5, 1000, 0.1, 2, 6, 6.0, 10, 12, 0.02, 0.001, 0.9, 1.0, 4, 1.0): (0.0, 2.7333333333333334) in 15.29s
378/675 (5, 1000, 0.1, 2, 6, 6.0, 10, 12, 0.02, 0.001, 0.9, 5.0, 4, 1.0): (0.0, 2.8333333333333335) in 15.36s
379/675 (5, 1000, 0.1, 2, 6, 6.0, 10, 12, 0.02, 0.01, 0.5, 0.2, 4, 1.0): (0.0, 2.8) in 17.31s
380/675 (5, 1000, 0.1, 2, 6, 6.0, 10, 12, 0.02, 0.01, 0.5, 1.0, 4, 1.0): (0.0, 2.9) in 17.95s
381/675 (5, 1000, 0.1, 2, 6, 6.0, 10, 12, 0.02, 0.01, 0.5, 5.0, 4, 1.0): (0.0, 2.6666666666666665) in 17.23s
382/675 (5, 1000, 0.1, 2, 6, 6.0, 10, 12, 0.02, 0.01, 0.75, 0.2, 4, 1.0): (0.0, 2.8) in 16.46s
383/675 (5, 1000, 0.1, 2, 6, 6.0, 10, 12, 0.02, 0.01, 0.75, 1.0, 4, 1.0): (0.0, 2.7666666666666666) in 16.96s
384/675 (5, 1000, 0.1, 2, 6, 6.0, 10, 12, 0.02, 0.01, 0.75, 5.0, 4, 1.0): (0.0, 2.7333333333333334) in 16.98s
385/675 (5, 1000, 0.1, 2, 6, 6.0, 10, 12, 0.02, 0.01, 0.9, 0.2, 4, 1.0): (0.0, 2.8) in 16.23s
386/675 (5, 1000, 0.1, 2, 6, 6.0, 10, 12, 0.02, 0.01, 0.9, 1.0, 4, 1.0): (0.0, 2.933333333333333) in 16.86s
387/675 (5, 1000, 0.1, 2, 6, 6.0, 10, 12, 0.02, 0.01, 0.9, 5.0, 4, 1.0): (0.0, 2.7333333333333334) in 16.68s
388/675 (5, 1000, 0.1, 2, 6, 6.0, 10, 12, 0.02, 0.05, 0.5, 0.2, 4, 1.0): (0.0, 2.966666666666667) in 20.54s
389/675 (5, 1000, 0.1, 2, 6, 6.0, 10, 12, 0.02, 0.05, 0.5, 1.0, 4, 1.0): (0.0, 2.8666666666666667) in 19.75s
390/675 (5, 1000, 0.1, 2, 6, 6.0, 10, 12, 0.02, 0.05, 0.5, 5.0, 4, 1.0): (0.0, 2.6666666666666665) in 20.88s
391/675 (5, 1000, 0.1, 2, 6, 6.0, 10, 12, 0.02, 0.05, 0.75, 0.2, 4, 1.0): (0.0, 2.7333333333333334) in 18.66s
392/675 (5, 1000, 0.1, 2, 6, 6.0, 10, 12, 0.02, 0.05, 0.75, 1.0, 4, 1.0): (0.0, 2.7333333333333334) in 19.30s
393/675 (5, 1000, 0.1, 2, 6, 6.0, 10, 12, 0.02, 0.05, 0.75, 5.0, 4, 1.0): (0.0, 2.9) in 19.13s
394/675 (5, 1000, 0.1, 2, 6, 6.0, 10, 12, 0.02, 0.05, 0.9, 0.2, 4, 1.0): (0.0, 2.7333333333333334) in 18.06s
395/675 (5, 1000, 0.1, 2, 6, 6.0, 10, 12, 0.02, 0.05, 0.9, 1.0, 4, 1.0): (0.0, 2.8333333333333335) in 18.45s
396/675 (5, 1000, 0.1, 2, 6, 6.0, 10, 12, 0.02, 0.05, 0.9, 5.0, 4, 1.0): (0.0, 2.566666666666667) in 18.37s
397/675 (5, 1000, 0.1, 2, 6, 6.0, 10, 12, 0.02, 0.1, 0.5, 0.2, 4, 1.0): (0.0, 2.8666666666666667) in 23.04s
398/675 (5, 1000, 0.1, 2, 6, 6.0, 10, 12, 0.02, 0.1, 0.5, 1.0, 4, 1.0): (0.0, 2.9) in 23.53s
399/675 (5, 1000, 0.1, 2, 6, 6.0, 10, 12, 0.02, 0.1, 0.5, 5.0, 4, 1.0): (0.0, 2.8333333333333335) in 23.47s
400/675 (5, 1000, 0.1, 2, 6, 6.0, 10, 12, 0.02, 0.1, 0.75, 0.2, 4, 1.0): (0.0, 2.9) in 21.11s
401/675 (5, 1000, 0.1, 2, 6, 6.0, 10, 12, 0.02, 0.1, 0.75, 1.0, 4, 1.0): (0.0, 2.8) in 21.56s
402/675 (5, 1000, 0.1, 2, 6, 6.0, 10, 12, 0.02, 0.1, 0.75, 5.0, 4, 1.0): (0.0, 2.8) in 22.73s
403/675 (5, 1000, 0.1, 2, 6, 6.0, 10, 12, 0.02, 0.1, 0.9, 0.2, 4, 1.0): (0.0, 2.7666666666666666) in 21.04s
404/675 (5, 1000, 0.1, 2, 6, 6.0, 10, 12, 0.02, 0.1, 0.9, 1.0, 4, 1.0): (0.0, 2.8333333333333335) in 20.30s
405/675 (5, 1000, 0.1, 2, 6, 6.0, 10, 12, 0.02, 0.1, 0.9, 5.0, 4, 1.0): (0.0, 2.6666666666666665) in 21.09s
406/675 (5, 1000, 0.1, 2, 6, 6.0, 10, 12, 0.05, 0.0, 0.5, 0.2, 4, 1.0): (0.0, 2.7666666666666666) in 28.05s
407/675 (5, 1000, 0.1, 2, 6, 6.0, 10, 12, 0.05, 0.0, 0.5, 1.0, 4, 1.0): (0.0, 2.7333333333333334) in 27.36s
408/675 (5, 1000, 0.1, 2, 6, 6.0, 10, 12, 0.05, 0.0, 0.5, 5.0, 4, 1.0): (0.0, 2.6333333333333333) in 27.04s
409/675 (5, 1000, 0.1, 2, 6, 6.0, 10, 12, 0.05, 0.0, 0.75, 0.2, 4, 1.0): (0.0, 2.8) in 25.44s
410/675 (5, 1000, 0.1, 2, 6, 6.0, 10, 12, 0.05, 0.0, 0.75, 1.0, 4, 1.0): (0.0, 2.533333333333333) in 25.34s
411/675 (5, 1000, 0.1, 2, 6, 6.0, 10, 12, 0.05, 0.0, 0.75, 5.0, 4, 1.0): (0.0, 2.6) in 25.90s
412/675 (5, 1000, 0.1, 2, 6, 6.0, 10, 12, 0.05, 0.0, 0.9, 0.2, 4, 1.0): (0.0, 2.7333333333333334) in 25.49s
413/675 (5, 1000, 0.1, 2, 6, 6.0, 10, 12, 0.05, 0.0, 0.9, 1.0, 4, 1.0): (0.0, 2.7666666666666666) in 24.94s
414/675 (5, 1000, 0.1, 2, 6, 6.0, 10, 12, 0.05, 0.0, 0.9, 5.0, 4, 1.0): (0.0, 2.9) in 25.75s
415/675 (5, 1000, 0.1, 2, 6, 6.0, 10, 12, 0.05, 0.001, 0.5, 0.2, 4, 1.0): (0.0, 2.7666666666666666) in 27.78s
416/675 (5, 1000, 0.1, 2, 6, 6.0, 10, 12, 0.05, 0.001, 0.5, 1.0, 4, 1.0): (0.0, 2.8) in 27.74s
417/675 (5, 1000, 0.1, 2, 6, 6.0, 10, 12, 0.05, 0.001, 0.5, 5.0, 4, 1.0): (0.0, 2.966666666666667) in 27.73s
418/675 (5, 1000, 0.1, 2, 6, 6.0, 10, 12, 0.05, 0.001, 0.75, 0.2, 4, 1.0): (0.0, 2.7666666666666666) in 25.89s
419/675 (5, 1000, 0.1, 2, 6, 6.0, 10, 12, 0.05, 0.001, 0.75, 1.0, 4, 1.0): (0.0, 2.8666666666666667) in 26.01s
420/675 (5, 1000, 0.1, 2, 6, 6.0, 10, 12, 0.05, 0.001, 0.75, 5.0, 4, 1.0): (0.0, 2.8666666666666667) in 26.21s
421/675 (5, 1000, 0.1, 2, 6, 6.0, 10, 12, 0.05, 0.001, 0.9, 0.2, 4, 1.0): (0.0, 2.8333333333333335) in 25.04s
422/675 (5, 1000, 0.1, 2, 6, 6.0, 10, 12, 0.05, 0.001, 0.9, 1.0, 4, 1.0): (0.0, 2.7) in 25.19s
423/675 (5, 1000, 0.1, 2, 6, 6.0, 10, 12, 0.05, 0.001, 0.9, 5.0, 4, 1.0): (0.0, 2.7) in 25.48s
424/675 (5, 1000, 0.1, 2, 6, 6.0, 10, 12, 0.05, 0.01, 0.5, 0.2, 4, 1.0): (0.0, 2.8) in 28.53s
425/675 (5, 1000, 0.1, 2, 6, 6.0, 10, 12, 0.05, 0.01, 0.5, 1.0, 4, 1.0): (0.0, 2.6333333333333333) in 29.16s
426/675 (5, 1000, 0.1, 2, 6, 6.0, 10, 12, 0.05, 0.01, 0.5, 5.0, 4, 1.0): (0.0, 2.6666666666666665) in 28.20s
427/675 (5, 1000, 0.1, 2, 6, 6.0, 10, 12, 0.05, 0.01, 0.75, 0.2, 4, 1.0): (0.0, 2.7333333333333334) in 27.08s
428/675 (5, 1000, 0.1, 2, 6, 6.0, 10, 12, 0.05, 0.01, 0.75, 1.0, 4, 1.0): (0.0, 2.7666666666666666) in 26.94s
429/675 (5, 1000, 0.1, 2, 6, 6.0, 10, 12, 0.05, 0.01, 0.75, 5.0, 4, 1.0): (0.0, 2.7666666666666666) in 27.05s
430/675 (5, 1000, 0.1, 2, 6, 6.0, 10, 12, 0.05, 0.01, 0.9, 0.2, 4, 1.0): (0.0, 2.566666666666667) in 26.25s
431/675 (5, 1000, 0.1, 2, 6, 6.0, 10, 12, 0.05, 0.01, 0.9, 1.0, 4, 1.0): (0.0, 2.8) in 25.83s
432/675 (5, 1000, 0.1, 2, 6, 6.0, 10, 12, 0.05, 0.01, 0.9, 5.0, 4, 1.0): (0.0, 2.7) in 27.33s
433/675 (5, 1000, 0.1, 2, 6, 6.0, 10, 12, 0.05, 0.05, 0.5, 0.2, 4, 1.0): (0.0, 2.7666666666666666) in 32.86s
434/675 (5, 1000, 0.1, 2, 6, 6.0, 10, 12, 0.05, 0.05, 0.5, 1.0, 4, 1.0): (0.0, 2.6) in 33.46s
435/675 (5, 1000, 0.1, 2, 6, 6.0, 10, 12, 0.05, 0.05, 0.5, 5.0, 4, 1.0): (0.0, 2.7666666666666666) in 32.90s
436/675 (5, 1000, 0.1, 2, 6, 6.0, 10, 12, 0.05, 0.05, 0.75, 0.2, 4, 1.0): (0.0, 2.8) in 30.26s
437/675 (5, 1000, 0.1, 2, 6, 6.0, 10, 12, 0.05, 0.05, 0.75, 1.0, 4, 1.0): (0.0, 2.7333333333333334) in 29.82s
438/675 (5, 1000, 0.1, 2, 6, 6.0, 10, 12, 0.05, 0.05, 0.75, 5.0, 4, 1.0): (0.0, 2.8666666666666667) in 30.49s
439/675 (5, 1000, 0.1, 2, 6, 6.0, 10, 12, 0.05, 0.05, 0.9, 0.2, 4, 1.0): (0.0, 2.9) in 29.34s
440/675 (5, 1000, 0.1, 2, 6, 6.0, 10, 12, 0.05, 0.05, 0.9, 1.0, 4, 1.0): (0.0, 2.7666666666666666) in 29.52s
441/675 (5, 1000, 0.1, 2, 6, 6.0, 10, 12, 0.05, 0.05, 0.9, 5.0, 4, 1.0): (0.0, 2.7) in 29.98s
442/675 (5, 1000, 0.1, 2, 6, 6.0, 10, 12, 0.05, 0.1, 0.5, 0.2, 4, 1.0): (0.0, 2.7666666666666666) in 38.36s
443/675 (5, 1000, 0.1, 2, 6, 6.0, 10, 12, 0.05, 0.1, 0.5, 1.0, 4, 1.0): (0.0, 2.8666666666666667) in 38.68s
444/675 (5, 1000, 0.1, 2, 6, 6.0, 10, 12, 0.05, 0.1, 0.5, 5.0, 4, 1.0): (0.0, 2.7666666666666666) in 37.92s
445/675 (5, 1000, 0.1, 2, 6, 6.0, 10, 12, 0.05, 0.1, 0.75, 0.2, 4, 1.0): (0.0, 2.7) in 34.19s
446/675 (5, 1000, 0.1, 2, 6, 6.0, 10, 12, 0.05, 0.1, 0.75, 1.0, 4, 1.0): (0.0, 2.933333333333333) in 33.82s
447/675 (5, 1000, 0.1, 2, 6, 6.0, 10, 12, 0.05, 0.1, 0.75, 5.0, 4, 1.0): (0.0, 2.8666666666666667) in 34.19s
448/675 (5, 1000, 0.1, 2, 6, 6.0, 10, 12, 0.05, 0.1, 0.9, 0.2, 4, 1.0): (0.0, 2.7666666666666666) in 32.96s
449/675 (5, 1000, 0.1, 2, 6, 6.0, 10, 12, 0.05, 0.1, 0.9, 1.0, 4, 1.0): (0.0, 2.9) in 32.86s
450/675 (5, 1000, 0.1, 2, 6, 6.0, 10, 12, 0.05, 0.1, 0.9, 5.0, 4, 1.0): (0.0, 2.6666666666666665) in 32.63s
451/675 (5, 1000, 0.1, 2, 6, 10.0, 10, 12, 0.0, 0.0, 0.5, 0.2, 4, 1.0): (0.0, 2.6666666666666665) in 9.12s
452/675 (5, 1000, 0.1, 2, 6, 10.0, 10, 12, 0.0, 0.0, 0.5, 1.0, 4, 1.0): (0.0, 2.6666666666666665) in 8.63s
453/675 (5, 1000, 0.1, 2, 6, 10.0, 10, 12, 0.0, 0.0, 0.5, 5.0, 4, 1.0): (0.0, 2.6) in 9.15s
454/675 (5, 1000, 0.1, 2, 6, 10.0, 10, 12, 0.0, 0.0, 0.75, 0.2, 4, 1.0): (0.0, 2.933333333333333) in 9.27s
455/675 (5, 1000, 0.1, 2, 6, 10.0, 10, 12, 0.0, 0.0, 0.75, 1.0, 4, 1.0): (0.0, 2.8666666666666667) in 8.93s
456/675 (5, 1000, 0.1, 2, 6, 10.0, 10, 12, 0.0, 0.0, 0.75, 5.0, 4, 1.0): (0.0, 2.7333333333333334) in 9.15s
457/675 (5, 1000, 0.1, 2, 6, 10.0, 10, 12, 0.0, 0.0, 0.9, 0.2, 4, 1.0): (0.0, 2.8666666666666667) in 8.89s
458/675 (5, 1000, 0.1, 2, 6, 10.0, 10, 12, 0.0, 0.0, 0.9, 1.0, 4, 1.0): (0.0, 2.533333333333333) in 8.76s
459/675 (5, 1000, 0.1, 2, 6, 10.0, 10, 12, 0.0, 0.0, 0.9, 5.0, 4, 1.0): (0.0, 2.8) in 8.94s
460/675 (5, 1000, 0.1, 2, 6, 10.0, 10, 12, 0.0, 0.001, 0.5, 0.2, 4, 1.0): (0.0, 2.8333333333333335) in 9.04s
461/675 (5, 1000, 0.1, 2, 6, 10.0, 10, 12, 0.0, 0.001, 0.5, 1.0, 4, 1.0): (0.0, 3.0) in 8.92s
462/675 (5, 1000, 0.1, 2, 6, 10.0, 10, 12, 0.0, 0.001, 0.5, 5.0, 4, 1.0): (0.0, 2.8333333333333335) in 9.15s
463/675 (5, 1000, 0.1, 2, 6, 10.0, 10, 12, 0.0, 0.001, 0.75, 0.2, 4, 1.0): (0.0, 2.8333333333333335) in 8.75s
464/675 (5, 1000, 0.1, 2, 6, 10.0, 10, 12, 0.0, 0.001, 0.75, 1.0, 4, 1.0): (0.0, 2.9) in 8.99s
465/675 (5, 1000, 0.1, 2, 6, 10.0, 10, 12, 0.0, 0.001, 0.75, 5.0, 4, 1.0): (0.0, 2.7666666666666666) in 8.96s
466/675 (5, 1000, 0.1, 2, 6, 10.0, 10, 12, 0.0, 0.001, 0.9, 0.2, 4, 1.0): (0.0, 2.7) in 8.92s
467/675 (5, 1000, 0.1, 2, 6, 10.0, 10, 12, 0.0, 0.001, 0.9, 1.0, 4, 1.0): (0.0, 2.8) in 8.83s
468/675 (5, 1000, 0.1, 2, 6, 10.0, 10, 12, 0.0, 0.001, 0.9, 5.0, 4, 1.0): (0.0, 2.8) in 8.87s
469/675 (5, 1000, 0.1, 2, 6, 10.0, 10, 12, 0.0, 0.01, 0.5, 0.2, 4, 1.0): (0.0, 2.8333333333333335) in 9.52s
470/675 (5, 1000, 0.1, 2, 6, 10.0, 10, 12, 0.0, 0.01, 0.5, 1.0, 4, 1.0): (0.0, 2.6333333333333333) in 9.34s
471/675 (5, 1000, 0.1, 2, 6, 10.0, 10, 12, 0.0, 0.01, 0.5, 5.0, 4, 1.0): (0.0, 2.7) in 9.10s
472/675 (5, 1000, 0.1, 2, 6, 10.0, 10, 12, 0.0, 0.01, 0.75, 0.2, 4, 1.0): (0.0, 2.7333333333333334) in 8.92s
473/675 (5, 1000, 0.1, 2, 6, 10.0, 10, 12, 0.0, 0.01, 0.75, 1.0, 4, 1.0): (0.0, 2.6666666666666665) in 9.16s
474/675 (5, 1000, 0.1, 2, 6, 10.0, 10, 12, 0.0, 0.01, 0.75, 5.0, 4, 1.0): (0.0, 2.8333333333333335) in 8.89s
475/675 (5, 1000, 0.1, 2, 6, 10.0, 10, 12, 0.0, 0.01, 0.9, 0.2, 4, 1.0): (0.0, 2.7) in 8.94s
476/675 (5, 1000, 0.1, 2, 6, 10.0, 10, 12, 0.0, 0.01, 0.9, 1.0, 4, 1.0): (0.0, 2.8) in 9.12s
477/675 (5, 1000, 0.1, 2, 6, 10.0, 10, 12, 0.0, 0.01, 0.9, 5.0, 4, 1.0): (0.0, 2.6666666666666665) in 9.03s
478/675 (5, 1000, 0.1, 2, 6, 10.0, 10, 12, 0.0, 0.05, 0.5, 0.2, 4, 1.0): (0.0, 2.533333333333333) in 9.78s
479/675 (5, 1000, 0.1, 2, 6, 10.0, 10, 12, 0.0, 0.05, 0.5, 1.0, 4, 1.0): (0.0, 2.7666666666666666) in 9.79s
480/675 (5, 1000, 0.1, 2, 6, 10.0, 10, 12, 0.0, 0.05, 0.5, 5.0, 4, 1.0): (0.0, 2.933333333333333) in 9.42s
481/675 (5, 1000, 0.1, 2, 6, 10.0, 10, 12, 0.0, 0.05, 0.75, 0.2, 4, 1.0): (0.0, 2.566666666666667) in 9.39s
482/675 (5, 1000, 0.1, 2, 6, 10.0, 10, 12, 0.0, 0.05, 0.75, 1.0, 4, 1.0): (0.0, 2.466666666666667) in 9.41s
483/675 (5, 1000, 0.1, 2, 6, 10.0, 10, 12, 0.0, 0.05, 0.75, 5.0, 4, 1.0): (0.0, 2.8333333333333335) in 9.35s
484/675 (5, 1000, 0.1, 2, 6, 10.0, 10, 12, 0.0, 0.05, 0.9, 0.2, 4, 1.0): (0.0, 2.7333333333333334) in 9.38s
485/675 (5, 1000, 0.1, 2, 6, 10.0, 10, 12, 0.0, 0.05, 0.9, 1.0, 4, 1.0): (0.0, 2.6666666666666665) in 9.39s
486/675 (5, 1000, 0.1, 2, 6, 10.0, 10, 12, 0.0, 0.05, 0.9, 5.0, 4, 1.0): (0.0, 2.8333333333333335) in 9.40s
487/675 (5, 1000, 0.1, 2, 6, 10.0, 10, 12, 0.0, 0.1, 0.5, 0.2, 4, 1.0): (0.0, 2.7666666666666666) in 9.90s
488/675 (5, 1000, 0.1, 2, 6, 10.0, 10, 12, 0.0, 0.1, 0.5, 1.0, 4, 1.0): (0.0, 2.8333333333333335) in 9.92s
489/675 (5, 1000, 0.1, 2, 6, 10.0, 10, 12, 0.0, 0.1, 0.5, 5.0, 4, 1.0): (0.0, 2.6666666666666665) in 10.47s
490/675 (5, 1000, 0.1, 2, 6, 10.0, 10, 12, 0.0, 0.1, 0.75, 0.2, 4, 1.0): (0.0, 2.7333333333333334) in 9.44s
491/675 (5, 1000, 0.1, 2, 6, 10.0, 10, 12, 0.0, 0.1, 0.75, 1.0, 4, 1.0): (0.0, 2.6666666666666665) in 9.68s
492/675 (5, 1000, 0.1, 2, 6, 10.0, 10, 12, 0.0, 0.1, 0.75, 5.0, 4, 1.0): (0.0, 2.6666666666666665) in 9.67s
493/675 (5, 1000, 0.1, 2, 6, 10.0, 10, 12, 0.0, 0.1, 0.9, 0.2, 4, 1.0): (0.0, 2.7666666666666666) in 9.63s
494/675 (5, 1000, 0.1, 2, 6, 10.0, 10, 12, 0.0, 0.1, 0.9, 1.0, 4, 1.0): (0.0, 2.7) in 9.57s
495/675 (5, 1000, 0.1, 2, 6, 10.0, 10, 12, 0.0, 0.1, 0.9, 5.0, 4, 1.0): (0.0, 2.6666666666666665) in 9.62s
496/675 (5, 1000, 0.1, 2, 6, 10.0, 10, 12, 0.001, 0.0, 0.5, 0.2, 4, 1.0): (0.0, 2.8666666666666667) in 8.99s
497/675 (5, 1000, 0.1, 2, 6, 10.0, 10, 12, 0.001, 0.0, 0.5, 1.0, 4, 1.0): (0.0, 2.9) in 9.11s
498/675 (5, 1000, 0.1, 2, 6, 10.0, 10, 12, 0.001, 0.0, 0.5, 5.0, 4, 1.0): (0.0, 2.7666666666666666) in 8.78s
499/675 (5, 1000, 0.1, 2, 6, 10.0, 10, 12, 0.001, 0.0, 0.75, 0.2, 4, 1.0): (0.0, 2.8) in 8.99s
500/675 (5, 1000, 0.1, 2, 6, 10.0, 10, 12, 0.001, 0.0, 0.75, 1.0, 4, 1.0): (0.0, 2.8666666666666667) in 8.92s
501/675 (5, 1000, 0.1, 2, 6, 10.0, 10, 12, 0.001, 0.0, 0.75, 5.0, 4, 1.0): (0.0, 2.8666666666666667) in 8.82s
502/675 (5, 1000, 0.1, 2, 6, 10.0, 10, 12, 0.001, 0.0, 0.9, 0.2, 4, 1.0): (0.0, 2.6333333333333333) in 8.95s
503/675 (5, 1000, 0.1, 2, 6, 10.0, 10, 12, 0.001, 0.0, 0.9, 1.0, 4, 1.0): (0.0015151515151515152, 2.7) in 8.77s
504/675 (5, 1000, 0.1, 2, 6, 10.0, 10, 12, 0.001, 0.0, 0.9, 5.0, 4, 1.0): (0.0, 2.6666666666666665) in 8.93s
505/675 (5, 1000, 0.1, 2, 6, 10.0, 10, 12, 0.001, 0.001, 0.5, 0.2, 4, 1.0): (0.0, 3.0) in 9.00s
506/675 (5, 1000, 0.1, 2, 6, 10.0, 10, 12, 0.001, 0.001, 0.5, 1.0, 4, 1.0): (0.0, 2.8666666666666667) in 9.09s
507/675 (5, 1000, 0.1, 2, 6, 10.0, 10, 12, 0.001, 0.001, 0.5, 5.0, 4, 1.0): (0.0, 2.9) in 9.24s
508/675 (5, 1000, 0.1, 2, 6, 10.0, 10, 12, 0.001, 0.001, 0.75, 0.2, 4, 1.0): (0.0, 2.8) in 8.87s
509/675 (5, 1000, 0.1, 2, 6, 10.0, 10, 12, 0.001, 0.001, 0.75, 1.0, 4, 1.0): (0.0, 2.8) in 9.13s
510/675 (5, 1000, 0.1, 2, 6, 10.0, 10, 12, 0.001, 0.001, 0.75, 5.0, 4, 1.0): (0.0, 2.8666666666666667) in 9.07s
511/675 (5, 1000, 0.1, 2, 6, 10.0, 10, 12, 0.001, 0.001, 0.9, 0.2, 4, 1.0): (0.0, 2.8) in 9.01s
512/675 (5, 1000, 0.1, 2, 6, 10.0, 10, 12, 0.001, 0.001, 0.9, 1.0, 4, 1.0): (0.0, 2.8) in 9.01s
513/675 (5, 1000, 0.1, 2, 6, 10.0, 10, 12, 0.001, 0.001, 0.9, 5.0, 4, 1.0): (0.0, 2.966666666666667) in 9.02s
514/675 (5, 1000, 0.1, 2, 6, 10.0, 10, 12, 0.001, 0.01, 0.5, 0.2, 4, 1.0): (0.0, 2.7333333333333334) in 9.06s
515/675 (5, 1000, 0.1, 2, 6, 10.0, 10, 12, 0.001, 0.01, 0.5, 1.0, 4, 1.0): (0.0, 2.8666666666666667) in 8.86s
516/675 (5, 1000, 0.1, 2, 6, 10.0, 10, 12, 0.001, 0.01, 0.5, 5.0, 4, 1.0): (0.0, 2.8333333333333335) in 9.25s
517/675 (5, 1000, 0.1, 2, 6, 10.0, 10, 12, 0.001, 0.01, 0.75, 0.2, 4, 1.0): (0.0, 2.7666666666666666) in 9.23s
518/675 (5, 1000, 0.1, 2, 6, 10.0, 10, 12, 0.001, 0.01, 0.75, 1.0, 4, 1.0): (0.0, 2.8) in 8.97s
519/675 (5, 1000, 0.1, 2, 6, 10.0, 10, 12, 0.001, 0.01, 0.75, 5.0, 4, 1.0): (0.0, 2.8) in 9.53s
520/675 (5, 1000, 0.1, 2, 6, 10.0, 10, 12, 0.001, 0.01, 0.9, 0.2, 4, 1.0): (0.0, 2.6333333333333333) in 8.88s
521/675 (5, 1000, 0.1, 2, 6, 10.0, 10, 12, 0.001, 0.01, 0.9, 1.0, 4, 1.0): (0.0, 2.533333333333333) in 9.69s
522/675 (5, 1000, 0.1, 2, 6, 10.0, 10, 12, 0.001, 0.01, 0.9, 5.0, 4, 1.0): (0.0, 2.6666666666666665) in 9.05s
523/675 (5, 1000, 0.1, 2, 6, 10.0, 10, 12, 0.001, 0.05, 0.5, 0.2, 4, 1.0): (0.0, 2.9) in 9.59s
524/675 (5, 1000, 0.1, 2, 6, 10.0, 10, 12, 0.001, 0.05, 0.5, 1.0, 4, 1.0): (0.0, 2.933333333333333) in 9.71s
525/675 (5, 1000, 0.1, 2, 6, 10.0, 10, 12, 0.001, 0.05, 0.5, 5.0, 4, 1.0): (0.0, 2.7333333333333334) in 9.76s
526/675 (5, 1000, 0.1, 2, 6, 10.0, 10, 12, 0.001, 0.05, 0.75, 0.2, 4, 1.0): (0.0, 2.6333333333333333) in 9.29s
527/675 (5, 1000, 0.1, 2, 6, 10.0, 10, 12, 0.001, 0.05, 0.75, 1.0, 4, 1.0): (0.0, 2.8333333333333335) in 9.67s
528/675 (5, 1000, 0.1, 2, 6, 10.0, 10, 12, 0.001, 0.05, 0.75, 5.0, 4, 1.0): (0.0, 2.8666666666666667) in 9.34s
529/675 (5, 1000, 0.1, 2, 6, 10.0, 10, 12, 0.001, 0.05, 0.9, 0.2, 4, 1.0): (0.0, 2.7) in 9.45s
530/675 (5, 1000, 0.1, 2, 6, 10.0, 10, 12, 0.001, 0.05, 0.9, 1.0, 4, 1.0): (0.0, 2.7) in 9.33s
531/675 (5, 1000, 0.1, 2, 6, 10.0, 10, 12, 0.001, 0.05, 0.9, 5.0, 4, 1.0): (0.0, 2.8) in 9.14s
532/675 (5, 1000, 0.1, 2, 6, 10.0, 10, 12, 0.001, 0.1, 0.5, 0.2, 4, 1.0): (0.0, 2.6666666666666665) in 10.07s
533/675 (5, 1000, 0.1, 2, 6, 10.0, 10, 12, 0.001, 0.1, 0.5, 1.0, 4, 1.0): (0.0, 2.466666666666667) in 9.60s
534/675 (5, 1000, 0.1, 2, 6, 10.0, 10, 12, 0.001, 0.1, 0.5, 5.0, 4, 1.0): (0.0, 2.6333333333333333) in 10.47s
535/675 (5, 1000, 0.1, 2, 6, 10.0, 10, 12, 0.001, 0.1, 0.75, 0.2, 4, 1.0): (0.0, 2.6666666666666665) in 9.76s
536/675 (5, 1000, 0.1, 2, 6, 10.0, 10, 12, 0.001, 0.1, 0.75, 1.0, 4, 1.0): (0.0, 2.6666666666666665) in 9.76s
537/675 (5, 1000, 0.1, 2, 6, 10.0, 10, 12, 0.001, 0.1, 0.75, 5.0, 4, 1.0): (0.0, 2.7666666666666666) in 9.76s
538/675 (5, 1000, 0.1, 2, 6, 10.0, 10, 12, 0.001, 0.1, 0.9, 0.2, 4, 1.0): (0.0, 2.8) in 9.71s
539/675 (5, 1000, 0.1, 2, 6, 10.0, 10, 12, 0.001, 0.1, 0.9, 1.0, 4, 1.0): (0.0, 2.6666666666666665) in 9.43s
540/675 (5, 1000, 0.1, 2, 6, 10.0, 10, 12, 0.001, 0.1, 0.9, 5.0, 4, 1.0): (0.0, 2.6666666666666665) in 9.65s
541/675 (5, 1000, 0.1, 2, 6, 10.0, 10, 12, 0.01, 0.0, 0.5, 0.2, 4, 1.0): (0.0, 2.8) in 13.09s
542/675 (5, 1000, 0.1, 2, 6, 10.0, 10, 12, 0.01, 0.0, 0.5, 1.0, 4, 1.0): (0.0, 2.7333333333333334) in 12.08s
543/675 (5, 1000, 0.1, 2, 6, 10.0, 10, 12, 0.01, 0.0, 0.5, 5.0, 4, 1.0): (0.0, 2.8666666666666667) in 12.65s
544/675 (5, 1000, 0.1, 2, 6, 10.0, 10, 12, 0.01, 0.0, 0.75, 0.2, 4, 1.0): (0.0, 2.6666666666666665) in 12.69s
545/675 (5, 1000, 0.1, 2, 6, 10.0, 10, 12, 0.01, 0.0, 0.75, 1.0, 4, 1.0): (0.0, 2.6666666666666665) in 12.16s
546/675 (5, 1000, 0.1, 2, 6, 10.0, 10, 12, 0.01, 0.0, 0.75, 5.0, 4, 1.0): (0.0, 2.8333333333333335) in 12.90s
547/675 (5, 1000, 0.1, 2, 6, 10.0, 10, 12, 0.01, 0.0, 0.9, 0.2, 4, 1.0): (0.0, 2.7333333333333334) in 12.29s
548/675 (5, 1000, 0.1, 2, 6, 10.0, 10, 12, 0.01, 0.0, 0.9, 1.0, 4, 1.0): (0.0, 2.8666666666666667) in 12.17s
549/675 (5, 1000, 0.1, 2, 6, 10.0, 10, 12, 0.01, 0.0, 0.9, 5.0, 4, 1.0): (0.0, 2.8666666666666667) in 12.75s
550/675 (5, 1000, 0.1, 2, 6, 10.0, 10, 12, 0.01, 0.001, 0.5, 0.2, 4, 1.0): (0.0, 2.8) in 12.34s
551/675 (5, 1000, 0.1, 2, 6, 10.0, 10, 12, 0.01, 0.001, 0.5, 1.0, 4, 1.0): (0.0, 2.7666666666666666) in 13.65s
552/675 (5, 1000, 0.1, 2, 6, 10.0, 10, 12, 0.01, 0.001, 0.5, 5.0, 4, 1.0): (0.0, 2.8) in 12.94s
553/675 (5, 1000, 0.1, 2, 6, 10.0, 10, 12, 0.01, 0.001, 0.75, 0.2, 4, 1.0): (0.0, 2.6333333333333333) in 12.19s
554/675 (5, 1000, 0.1, 2, 6, 10.0, 10, 12, 0.01, 0.001, 0.75, 1.0, 4, 1.0): (0.0, 2.6) in 12.25s
555/675 (5, 1000, 0.1, 2, 6, 10.0, 10, 12, 0.01, 0.001, 0.75, 5.0, 4, 1.0): (0.0, 2.7666666666666666) in 12.46s
556/675 (5, 1000, 0.1, 2, 6, 10.0, 10, 12, 0.01, 0.001, 0.9, 0.2, 4, 1.0): (0.0, 2.9) in 12.25s
557/675 (5, 1000, 0.1, 2, 6, 10.0, 10, 12, 0.01, 0.001, 0.9, 1.0, 4, 1.0): (0.0, 2.8666666666666667) in 12.17s
558/675 (5, 1000, 0.1, 2, 6, 10.0, 10, 12, 0.01, 0.001, 0.9, 5.0, 4, 1.0): (0.0, 2.7333333333333334) in 11.82s
559/675 (5, 1000, 0.1, 2, 6, 10.0, 10, 12, 0.01, 0.01, 0.5, 0.2, 4, 1.0): (0.0, 2.7333333333333334) in 13.37s
560/675 (5, 1000, 0.1, 2, 6, 10.0, 10, 12, 0.01, 0.01, 0.5, 1.0, 4, 1.0): (0.0, 2.8333333333333335) in 13.22s
561/675 (5, 1000, 0.1, 2, 6, 10.0, 10, 12, 0.01, 0.01, 0.5, 5.0, 4, 1.0): (0.0, 2.7333333333333334) in 13.54s
562/675 (5, 1000, 0.1, 2, 6, 10.0, 10, 12, 0.01, 0.01, 0.75, 0.2, 4, 1.0): (0.0, 2.7333333333333334) in 13.09s
563/675 (5, 1000, 0.1, 2, 6, 10.0, 10, 12, 0.01, 0.01, 0.75, 1.0, 4, 1.0): (0.0, 2.7) in 12.95s
564/675 (5, 1000, 0.1, 2, 6, 10.0, 10, 12, 0.01, 0.01, 0.75, 5.0, 4, 1.0): (0.0, 2.466666666666667) in 13.25s
565/675 (5, 1000, 0.1, 2, 6, 10.0, 10, 12, 0.01, 0.01, 0.9, 0.2, 4, 1.0): (0.0, 2.933333333333333) in 13.15s
566/675 (5, 1000, 0.1, 2, 6, 10.0, 10, 12, 0.01, 0.01, 0.9, 1.0, 4, 1.0): (0.0, 2.9) in 12.85s
567/675 (5, 1000, 0.1, 2, 6, 10.0, 10, 12, 0.01, 0.01, 0.9, 5.0, 4, 1.0): (0.0, 2.7333333333333334) in 12.66s
568/675 (5, 1000, 0.1, 2, 6, 10.0, 10, 12, 0.01, 0.05, 0.5, 0.2, 4, 1.0): (0.0, 2.8666666666666667) in 15.02s
569/675 (5, 1000, 0.1, 2, 6, 10.0, 10, 12, 0.01, 0.05, 0.5, 1.0, 4, 1.0): (0.0, 2.7333333333333334) in 15.46s
570/675 (5, 1000, 0.1, 2, 6, 10.0, 10, 12, 0.01, 0.05, 0.5, 5.0, 4, 1.0): (0.0, 2.7666666666666666) in 16.57s
571/675 (5, 1000, 0.1, 2, 6, 10.0, 10, 12, 0.01, 0.05, 0.75, 0.2, 4, 1.0): (0.0, 2.7666666666666666) in 14.51s
572/675 (5, 1000, 0.1, 2, 6, 10.0, 10, 12, 0.01, 0.05, 0.75, 1.0, 4, 1.0): (0.0, 2.7) in 14.54s
573/675 (5, 1000, 0.1, 2, 6, 10.0, 10, 12, 0.01, 0.05, 0.75, 5.0, 4, 1.0): (0.0, 2.8666666666666667) in 14.76s
574/675 (5, 1000, 0.1, 2, 6, 10.0, 10, 12, 0.01, 0.05, 0.9, 0.2, 4, 1.0): (0.0, 2.7) in 14.14s
575/675 (5, 1000, 0.1, 2, 6, 10.0, 10, 12, 0.01, 0.05, 0.9, 1.0, 4, 1.0): (0.0, 2.7333333333333334) in 14.31s
576/675 (5, 1000, 0.1, 2, 6, 10.0, 10, 12, 0.01, 0.05, 0.9, 5.0, 4, 1.0): (0.0, 2.7) in 14.83s
577/675 (5, 1000, 0.1, 2, 6, 10.0, 10, 12, 0.01, 0.1, 0.5, 0.2, 4, 1.0): (0.0, 2.533333333333333) in 17.49s
578/675 (5, 1000, 0.1, 2, 6, 10.0, 10, 12, 0.01, 0.1, 0.5, 1.0, 4, 1.0): (0.0, 2.966666666666667) in 17.79s
579/675 (5, 1000, 0.1, 2, 6, 10.0, 10, 12, 0.01, 0.1, 0.5, 5.0, 4, 1.0): (0.0, 2.566666666666667) in 17.85s
580/675 (5, 1000, 0.1, 2, 6, 10.0, 10, 12, 0.01, 0.1, 0.75, 0.2, 4, 1.0): (0.0, 2.6333333333333333) in 15.94s
581/675 (5, 1000, 0.1, 2, 6, 10.0, 10, 12, 0.01, 0.1, 0.75, 1.0, 4, 1.0): (0.0, 2.7666666666666666) in 15.70s
582/675 (5, 1000, 0.1, 2, 6, 10.0, 10, 12, 0.01, 0.1, 0.75, 5.0, 4, 1.0): (0.0, 2.7333333333333334) in 16.92s
583/675 (5, 1000, 0.1, 2, 6, 10.0, 10, 12, 0.01, 0.1, 0.9, 0.2, 4, 1.0): (0.0, 2.8666666666666667) in 16.16s
584/675 (5, 1000, 0.1, 2, 6, 10.0, 10, 12, 0.01, 0.1, 0.9, 1.0, 4, 1.0): (0.0, 2.7666666666666666) in 16.21s
585/675 (5, 1000, 0.1, 2, 6, 10.0, 10, 12, 0.01, 0.1, 0.9, 5.0, 4, 1.0): (0.0, 2.7666666666666666) in 16.14s
586/675 (5, 1000, 0.1, 2, 6, 10.0, 10, 12, 0.02, 0.0, 0.5, 0.2, 4, 1.0): (0.0, 2.7333333333333334) in 16.59s
587/675 (5, 1000, 0.1, 2, 6, 10.0, 10, 12, 0.02, 0.0, 0.5, 1.0, 4, 1.0): (0.0, 2.7) in 17.19s
588/675 (5, 1000, 0.1, 2, 6, 10.0, 10, 12, 0.02, 0.0, 0.5, 5.0, 4, 1.0): (0.0, 3.0) in 17.01s
589/675 (5, 1000, 0.1, 2, 6, 10.0, 10, 12, 0.02, 0.0, 0.75, 0.2, 4, 1.0): (0.0, 2.966666666666667) in 16.24s
590/675 (5, 1000, 0.1, 2, 6, 10.0, 10, 12, 0.02, 0.0, 0.75, 1.0, 4, 1.0): (0.0, 2.7333333333333334) in 16.35s
591/675 (5, 1000, 0.1, 2, 6, 10.0, 10, 12, 0.02, 0.0, 0.75, 5.0, 4, 1.0): (0.0, 2.8666666666666667) in 16.16s
592/675 (5, 1000, 0.1, 2, 6, 10.0, 10, 12, 0.02, 0.0, 0.9, 0.2, 4, 1.0): (0.0, 2.8666666666666667) in 15.64s
593/675 (5, 1000, 0.1, 2, 6, 10.0, 10, 12, 0.02, 0.0, 0.9, 1.0, 4, 1.0): (0.0, 2.8) in 15.72s
594/675 (5, 1000, 0.1, 2, 6, 10.0, 10, 12, 0.02, 0.0, 0.9, 5.0, 4, 1.0): (0.0, 2.5) in 15.80s
595/675 (5, 1000, 0.1, 2, 6, 10.0, 10, 12, 0.02, 0.001, 0.5, 0.2, 4, 1.0): (0.0, 2.8) in 16.76s
596/675 (5, 1000, 0.1, 2, 6, 10.0, 10, 12, 0.02, 0.001, 0.5, 1.0, 4, 1.0): (0.0, 2.9) in 16.81s
597/675 (5, 1000, 0.1, 2, 6, 10.0, 10, 12, 0.02, 0.001, 0.5, 5.0, 4, 1.0): (0.0, 2.8666666666666667) in 16.85s
598/675 (5, 1000, 0.1, 2, 6, 10.0, 10, 12, 0.02, 0.001, 0.75, 0.2, 4, 1.0): (0.0, 2.8) in 15.96s
599/675 (5, 1000, 0.1, 2, 6, 10.0, 10, 12, 0.02, 0.001, 0.75, 1.0, 4, 1.0): (0.0, 2.7) in 16.13s
600/675 (5, 1000, 0.1, 2, 6, 10.0, 10, 12, 0.02, 0.001, 0.75, 5.0, 4, 1.0): (0.0, 2.8666666666666667) in 16.25s
601/675 (5, 1000, 0.1, 2, 6, 10.0, 10, 12, 0.02, 0.001, 0.9, 0.2, 4, 1.0): (0.0, 2.6333333333333333) in 15.69s
602/675 (5, 1000, 0.1, 2, 6, 10.0, 10, 12, 0.02, 0.001, 0.9, 1.0, 4, 1.0): (0.0, 2.7333333333333334) in 15.68s
603/675 (5, 1000, 0.1, 2, 6, 10.0, 10, 12, 0.02, 0.001, 0.9, 5.0, 4, 1.0): (0.0, 2.6666666666666665) in 15.82s
604/675 (5, 1000, 0.1, 2, 6, 10.0, 10, 12, 0.02, 0.01, 0.5, 0.2, 4, 1.0): (0.0, 2.8333333333333335) in 17.54s
605/675 (5, 1000, 0.1, 2, 6, 10.0, 10, 12, 0.02, 0.01, 0.5, 1.0, 4, 1.0): (0.0, 2.7333333333333334) in 17.41s
606/675 (5, 1000, 0.1, 2, 6, 10.0, 10, 12, 0.02, 0.01, 0.5, 5.0, 4, 1.0): (0.0, 2.6666666666666665) in 17.66s
607/675 (5, 1000, 0.1, 2, 6, 10.0, 10, 12, 0.02, 0.01, 0.75, 0.2, 4, 1.0): (0.0, 2.8333333333333335) in 16.71s
608/675 (5, 1000, 0.1, 2, 6, 10.0, 10, 12, 0.02, 0.01, 0.75, 1.0, 4, 1.0): (0.0, 2.8666666666666667) in 16.99s
609/675 (5, 1000, 0.1, 2, 6, 10.0, 10, 12, 0.02, 0.01, 0.75, 5.0, 4, 1.0): (0.0, 2.6333333333333333) in 16.41s
610/675 (5, 1000, 0.1, 2, 6, 10.0, 10, 12, 0.02, 0.01, 0.9, 0.2, 4, 1.0): (0.0, 2.8) in 17.00s
611/675 (5, 1000, 0.1, 2, 6, 10.0, 10, 12, 0.02, 0.01, 0.9, 1.0, 4, 1.0): (0.0, 2.7666666666666666) in 16.36s
612/675 (5, 1000, 0.1, 2, 6, 10.0, 10, 12, 0.02, 0.01, 0.9, 5.0, 4, 1.0): (0.0, 2.933333333333333) in 16.02s
613/675 (5, 1000, 0.1, 2, 6, 10.0, 10, 12, 0.02, 0.05, 0.5, 0.2, 4, 1.0): (0.0, 2.933333333333333) in 20.84s
614/675 (5, 1000, 0.1, 2, 6, 10.0, 10, 12, 0.02, 0.05, 0.5, 1.0, 4, 1.0): (0.0, 2.6666666666666665) in 20.05s
615/675 (5, 1000, 0.1, 2, 6, 10.0, 10, 12, 0.02, 0.05, 0.5, 5.0, 4, 1.0): (0.0, 2.8666666666666667) in 20.74s
616/675 (5, 1000, 0.1, 2, 6, 10.0, 10, 12, 0.02, 0.05, 0.75, 0.2, 4, 1.0): (0.0, 2.7333333333333334) in 18.81s
617/675 (5, 1000, 0.1, 2, 6, 10.0, 10, 12, 0.02, 0.05, 0.75, 1.0, 4, 1.0): (0.0, 2.8) in 18.62s
618/675 (5, 1000, 0.1, 2, 6, 10.0, 10, 12, 0.02, 0.05, 0.75, 5.0, 4, 1.0): (0.0, 2.6) in 19.60s
619/675 (5, 1000, 0.1, 2, 6, 10.0, 10, 12, 0.02, 0.05, 0.9, 0.2, 4, 1.0): (0.0, 2.8) in 18.37s
620/675 (5, 1000, 0.1, 2, 6, 10.0, 10, 12, 0.02, 0.05, 0.9, 1.0, 4, 1.0): (0.0, 2.9) in 18.67s
621/675 (5, 1000, 0.1, 2, 6, 10.0, 10, 12, 0.02, 0.05, 0.9, 5.0, 4, 1.0): (0.0, 2.566666666666667) in 18.68s
622/675 (5, 1000, 0.1, 2, 6, 10.0, 10, 12, 0.02, 0.1, 0.5, 0.2, 4, 1.0): (0.0, 2.6666666666666665) in 23.91s
623/675 (5, 1000, 0.1, 2, 6, 10.0, 10, 12, 0.02, 0.1, 0.5, 1.0, 4, 1.0): (0.0, 2.9) in 23.46s
624/675 (5, 1000, 0.1, 2, 6, 10.0, 10, 12, 0.02, 0.1, 0.5, 5.0, 4, 1.0): (0.0, 2.966666666666667) in 23.48s
625/675 (5, 1000, 0.1, 2, 6, 10.0, 10, 12, 0.02, 0.1, 0.75, 0.2, 4, 1.0): (0.0, 2.8666666666666667) in 20.57s
626/675 (5, 1000, 0.1, 2, 6, 10.0, 10, 12, 0.02, 0.1, 0.75, 1.0, 4, 1.0): (0.0, 2.8) in 21.64s
627/675 (5, 1000, 0.1, 2, 6, 10.0, 10, 12, 0.02, 0.1, 0.75, 5.0, 4, 1.0): (0.0, 2.6333333333333333) in 20.98s
628/675 (5, 1000, 0.1, 2, 6, 10.0, 10, 12, 0.02, 0.1, 0.9, 0.2, 4, 1.0): (0.0, 2.6333333333333333) in 20.66s
629/675 (5, 1000, 0.1, 2, 6, 10.0, 10, 12, 0.02, 0.1, 0.9, 1.0, 4, 1.0): (0.0, 2.933333333333333) in 20.76s
630/675 (5, 1000, 0.1, 2, 6, 10.0, 10, 12, 0.02, 0.1, 0.9, 5.0, 4, 1.0): (0.0, 2.933333333333333) in 21.01s
631/675 (5, 1000, 0.1, 2, 6, 10.0, 10, 12, 0.05, 0.0, 0.5, 0.2, 4, 1.0): (0.0, 2.7333333333333334) in 26.77s
632/675 (5, 1000, 0.1, 2, 6, 10.0, 10, 12, 0.05, 0.0, 0.5, 1.0, 4, 1.0): (0.0, 2.7333333333333334) in 27.63s
633/675 (5, 1000, 0.1, 2, 6, 10.0, 10, 12, 0.05, 0.0, 0.5, 5.0, 4, 1.0): (0.0, 2.933333333333333) in 28.43s
634/675 (5, 1000, 0.1, 2, 6, 10.0, 10, 12, 0.05, 0.0, 0.75, 0.2, 4, 1.0): (0.0, 2.8666666666666667) in 25.11s
635/675 (5, 1000, 0.1, 2, 6, 10.0, 10, 12, 0.05, 0.0, 0.75, 1.0, 4, 1.0): (0.0, 2.8) in 25.85s
636/675 (5, 1000, 0.1, 2, 6, 10.0, 10, 12, 0.05, 0.0, 0.75, 5.0, 4, 1.0): (0.0, 2.6333333333333333) in 25.94s
637/675 (5, 1000, 0.1, 2, 6, 10.0, 10, 12, 0.05, 0.0, 0.9, 0.2, 4, 1.0): (0.0, 2.6333333333333333) in 25.42s
638/675 (5, 1000, 0.1, 2, 6, 10.0, 10, 12, 0.05, 0.0, 0.9, 1.0, 4, 1.0): (0.0, 2.933333333333333) in 25.31s
639/675 (5, 1000, 0.1, 2, 6, 10.0, 10, 12, 0.05, 0.0, 0.9, 5.0, 4, 1.0): (0.0, 2.566666666666667) in 25.57s
640/675 (5, 1000, 0.1, 2, 6, 10.0, 10, 12, 0.05, 0.001, 0.5, 0.2, 4, 1.0): (0.0, 2.8666666666666667) in 27.58s
641/675 (5, 1000, 0.1, 2, 6, 10.0, 10, 12, 0.05, 0.001, 0.5, 1.0, 4, 1.0): (0.0, 2.6333333333333333) in 27.69s
642/675 (5, 1000, 0.1, 2, 6, 10.0, 10, 12, 0.05, 0.001, 0.5, 5.0, 4, 1.0): (0.0, 2.6333333333333333) in 27.37s
643/675 (5, 1000, 0.1, 2, 6, 10.0, 10, 12, 0.05, 0.001, 0.75, 0.2, 4, 1.0): (0.0, 2.8) in 26.04s
644/675 (5, 1000, 0.1, 2, 6, 10.0, 10, 12, 0.05, 0.001, 0.75, 1.0, 4, 1.0): (0.0, 2.8666666666666667) in 25.47s
645/675 (5, 1000, 0.1, 2, 6, 10.0, 10, 12, 0.05, 0.001, 0.75, 5.0, 4, 1.0): (0.0, 2.8666666666666667) in 26.41s
646/675 (5, 1000, 0.1, 2, 6, 10.0, 10, 12, 0.05, 0.001, 0.9, 0.2, 4, 1.0): (0.0, 2.7666666666666666) in 25.13s
647/675 (5, 1000, 0.1, 2, 6, 10.0, 10, 12, 0.05, 0.001, 0.9, 1.0, 4, 1.0): (0.0, 2.7666666666666666) in 24.70s
648/675 (5, 1000, 0.1, 2, 6, 10.0, 10, 12, 0.05, 0.001, 0.9, 5.0, 4, 1.0): (0.0, 2.8333333333333335) in 25.22s
649/675 (5, 1000, 0.1, 2, 6, 10.0, 10, 12, 0.05, 0.01, 0.5, 0.2, 4, 1.0): (0.0, 2.5) in 28.33s
650/675 (5, 1000, 0.1, 2, 6, 10.0, 10, 12, 0.05, 0.01, 0.5, 1.0, 4, 1.0): (0.0, 2.8) in 28.82s
651/675 (5, 1000, 0.1, 2, 6, 10.0, 10, 12, 0.05, 0.01, 0.5, 5.0, 4, 1.0): (0.0, 2.7333333333333334) in 28.56s
652/675 (5, 1000, 0.1, 2, 6, 10.0, 10, 12, 0.05, 0.01, 0.75, 0.2, 4, 1.0): (0.0, 2.8666666666666667) in 26.87s
653/675 (5, 1000, 0.1, 2, 6, 10.0, 10, 12, 0.05, 0.01, 0.75, 1.0, 4, 1.0): (0.0, 2.8) in 26.98s
654/675 (5, 1000, 0.1, 2, 6, 10.0, 10, 12, 0.05, 0.01, 0.75, 5.0, 4, 1.0): (0.0, 2.8) in 26.64s
655/675 (5, 1000, 0.1, 2, 6, 10.0, 10, 12, 0.05, 0.01, 0.9, 0.2, 4, 1.0): (0.0, 2.9) in 26.29s
656/675 (5, 1000, 0.1, 2, 6, 10.0, 10, 12, 0.05, 0.01, 0.9, 1.0, 4, 1.0): (0.0, 2.533333333333333) in 26.84s
657/675 (5, 1000, 0.1, 2, 6, 10.0, 10, 12, 0.05, 0.01, 0.9, 5.0, 4, 1.0): (0.0, 2.7333333333333334) in 26.39s
658/675 (5, 1000, 0.1, 2, 6, 10.0, 10, 12, 0.05, 0.05, 0.5, 0.2, 4, 1.0): (0.0, 2.6) in 32.87s
659/675 (5, 1000, 0.1, 2, 6, 10.0, 10, 12, 0.05, 0.05, 0.5, 1.0, 4, 1.0): (0.0, 2.8) in 33.49s
660/675 (5, 1000, 0.1, 2, 6, 10.0, 10, 12, 0.05, 0.05, 0.5, 5.0, 4, 1.0): (0.0, 2.8) in 33.13s
661/675 (5, 1000, 0.1, 2, 6, 10.0, 10, 12, 0.05, 0.05, 0.75, 0.2, 4, 1.0): (0.0, 2.8666666666666667) in 31.37s
662/675 (5, 1000, 0.1, 2, 6, 10.0, 10, 12, 0.05, 0.05, 0.75, 1.0, 4, 1.0): (0.0, 2.6666666666666665) in 30.36s
663/675 (5, 1000, 0.1, 2, 6, 10.0, 10, 12, 0.05, 0.05, 0.75, 5.0, 4, 1.0): (0.0, 2.566666666666667) in 31.95s
664/675 (5, 1000, 0.1, 2, 6, 10.0, 10, 12, 0.05, 0.05, 0.9, 0.2, 4, 1.0): (0.0, 2.8333333333333335) in 29.48s
665/675 (5, 1000, 0.1, 2, 6, 10.0, 10, 12, 0.05, 0.05, 0.9, 1.0, 4, 1.0): (0.0, 2.933333333333333) in 28.85s
666/675 (5, 1000, 0.1, 2, 6, 10.0, 10, 12, 0.05, 0.05, 0.9, 5.0, 4, 1.0): (0.0, 2.7333333333333334) in 28.97s
667/675 (5, 1000, 0.1, 2, 6, 10.0, 10, 12, 0.05, 0.1, 0.5, 0.2, 4, 1.0): (0.0, 2.7333333333333334) in 38.32s
668/675 (5, 1000, 0.1, 2, 6, 10.0, 10, 12, 0.05, 0.1, 0.5, 1.0, 4, 1.0): (0.0, 2.6) in 38.28s
669/675 (5, 1000, 0.1, 2, 6, 10.0, 10, 12, 0.05, 0.1, 0.5, 5.0, 4, 1.0): (0.0, 2.7333333333333334) in 38.04s
670/675 (5, 1000, 0.1, 2, 6, 10.0, 10, 12, 0.05, 0.1, 0.75, 0.2, 4, 1.0): (0.0, 2.8666666666666667) in 34.45s
671/675 (5, 1000, 0.1, 2, 6, 10.0, 10, 12, 0.05, 0.1, 0.75, 1.0, 4, 1.0): (0.0, 2.6666666666666665) in 34.93s
672/675 (5, 1000, 0.1, 2, 6, 10.0, 10, 12, 0.05, 0.1, 0.75, 5.0, 4, 1.0): (0.0, 2.7666666666666666) in 34.16s
673/675 (5, 1000, 0.1, 2, 6, 10.0, 10, 12, 0.05, 0.1, 0.9, 0.2, 4, 1.0): (0.0, 2.7333333333333334) in 32.75s
674/675 (5, 1000, 0.1, 2, 6, 10.0, 10, 12, 0.05, 0.1, 0.9, 1.0, 4, 1.0): (0.0, 2.7333333333333334) in 33.42s
675/675 (5, 1000, 0.1, 2, 6, 10.0, 10, 12, 0.05, 0.1, 0.9, 5.0, 4, 1.0): (0.0, 2.8666666666666667) in 32.72s

best: (0.005012531328320802, 2.8333333333333335)
{'crossover_size_proportion': 0.9,
 'depth_softener': 1.0,
 'generations': 1000,
 'individuals_per_method_and_depth': 5,
 'max_depth': 12,
 'max_gen_depth': 6,
 'max_program_runtime_ms': 10,
 'min_gen_depth': 2,
 'mutation_chance': 0.001,
 'mutation_single_chance': 0.05,
 'p_grow_leaf': 0.1,
 'selection_method': 'FitnessWeighted',
 'selection_pressure': 5.0,
 'tournament_p': 1.0,
 'tournament_size': 4}
