1/675 (10, 1000, 0.1, 2, 6, 1.0, 10, 12, 0.0, 0.0, 0.2, 0.2): (0.0, 2.8333333333333335) in 13.12s
2/675 (10, 1000, 0.1, 2, 6, 1.0, 10, 12, 0.0, 0.0, 0.2, 1.0): (0.0, 2.8) in 13.05s
3/675 (10, 1000, 0.1, 2, 6, 1.0, 10, 12, 0.0, 0.0, 0.2, 5.0): (0.0, 2.933333333333333) in 14.08s
4/675 (10, 1000, 0.1, 2, 6, 1.0, 10, 12, 0.0, 0.0, 0.5, 0.2): (0.0, 2.8) in 12.80s
5/675 (10, 1000, 0.1, 2, 6, 1.0, 10, 12, 0.0, 0.0, 0.5, 1.0): (0.0, 2.7666666666666666) in 12.58s
6/675 (10, 1000, 0.1, 2, 6, 1.0, 10, 12, 0.0, 0.0, 0.5, 5.0): (0.0, 2.7666666666666666) in 12.59s
7/675 (10, 1000, 0.1, 2, 6, 1.0, 10, 12, 0.0, 0.0, 0.75, 0.2): (0.0, 2.7666666666666666) in 12.72s
8/675 (10, 1000, 0.1, 2, 6, 1.0, 10, 12, 0.0, 0.0, 0.75, 1.0): (0.0, 2.8666666666666667) in 12.44s
9/675 (10, 1000, 0.1, 2, 6, 1.0, 10, 12, 0.0, 0.0, 0.75, 5.0): (0.0, 2.7666666666666666) in 12.65s
10/675 (10, 1000, 0.1, 2, 6, 1.0, 10, 12, 0.0, 0.05, 0.2, 0.2): (0.0, 2.7333333333333334) in 13.95s
11/675 (10, 1000, 0.1, 2, 6, 1.0, 10, 12, 0.0, 0.05, 0.2, 1.0): (0.0, 2.6333333333333333) in 15.58s
12/675 (10, 1000, 0.1, 2, 6, 1.0, 10, 12, 0.0, 0.05, 0.2, 5.0): (0.0, 2.6666666666666665) in 15.50s
13/675 (10, 1000, 0.1, 2, 6, 1.0, 10, 12, 0.0, 0.05, 0.5, 0.2): (0.0, 2.7) in 13.00s
14/675 (10, 1000, 0.1, 2, 6, 1.0, 10, 12, 0.0, 0.05, 0.5, 1.0): (0.0, 2.7333333333333334) in 12.76s
15/675 (10, 1000, 0.1, 2, 6, 1.0, 10, 12, 0.0, 0.05, 0.5, 5.0): (0.0, 2.7) in 12.67s
16/675 (10, 1000, 0.1, 2, 6, 1.0, 10, 12, 0.0, 0.05, 0.75, 0.2): (0.0, 2.6) in 12.32s
17/675 (10, 1000, 0.1, 2, 6, 1.0, 10, 12, 0.0, 0.05, 0.75, 1.0): (0.0, 2.8666666666666667) in 12.75s
18/675 (10, 1000, 0.1, 2, 6, 1.0, 10, 12, 0.0, 0.05, 0.75, 5.0): (0.0, 2.6666666666666665) in 12.43s
19/675 (10, 1000, 0.1, 2, 6, 1.0, 10, 12, 0.0, 0.1, 0.2, 0.2): (0.0, 2.8) in 15.45s
20/675 (10, 1000, 0.1, 2, 6, 1.0, 10, 12, 0.0, 0.1, 0.2, 1.0): (0.0, 2.6333333333333333) in 15.51s
21/675 (10, 1000, 0.1, 2, 6, 1.0, 10, 12, 0.0, 0.1, 0.2, 5.0): (0.0, 2.933333333333333) in 14.24s
22/675 (10, 1000, 0.1, 2, 6, 1.0, 10, 12, 0.0, 0.1, 0.5, 0.2): (0.0, 2.8333333333333335) in 13.24s
23/675 (10, 1000, 0.1, 2, 6, 1.0, 10, 12, 0.0, 0.1, 0.5, 1.0): (0.0, 2.7) in 13.61s
24/675 (10, 1000, 0.1, 2, 6, 1.0, 10, 12, 0.0, 0.1, 0.5, 5.0): (0.0, 2.8333333333333335) in 13.63s
25/675 (10, 1000, 0.1, 2, 6, 1.0, 10, 12, 0.0, 0.1, 0.75, 0.2): (0.0, 2.8) in 12.85s
26/675 (10, 1000, 0.1, 2, 6, 1.0, 10, 12, 0.0, 0.1, 0.75, 1.0): (0.0, 2.6666666666666665) in 13.09s
27/675 (10, 1000, 0.1, 2, 6, 1.0, 10, 12, 0.0, 0.1, 0.75, 5.0): (0.0, 2.8) in 12.77s
28/675 (10, 1000, 0.1, 2, 6, 1.0, 10, 12, 0.0, 0.3, 0.2, 0.2): (0.0, 2.8) in 16.68s
29/675 (10, 1000, 0.1, 2, 6, 1.0, 10, 12, 0.0, 0.3, 0.2, 1.0): (0.0, 2.933333333333333) in 16.96s
30/675 (10, 1000, 0.1, 2, 6, 1.0, 10, 12, 0.0, 0.3, 0.2, 5.0): (0.0, 2.6666666666666665) in 17.05s
31/675 (10, 1000, 0.1, 2, 6, 1.0, 10, 12, 0.0, 0.3, 0.5, 0.2): (0.0, 2.8) in 15.11s
32/675 (10, 1000, 0.1, 2, 6, 1.0, 10, 12, 0.0, 0.3, 0.5, 1.0): (0.0, 2.533333333333333) in 13.78s
33/675 (10, 1000, 0.1, 2, 6, 1.0, 10, 12, 0.0, 0.3, 0.5, 5.0): (0.0, 2.8) in 14.28s
34/675 (10, 1000, 0.1, 2, 6, 1.0, 10, 12, 0.0, 0.3, 0.75, 0.2): (0.0, 2.9) in 13.42s
35/675 (10, 1000, 0.1, 2, 6, 1.0, 10, 12, 0.0, 0.3, 0.75, 1.0): (0.0, 2.7333333333333334) in 14.05s
36/675 (10, 1000, 0.1, 2, 6, 1.0, 10, 12, 0.0, 0.3, 0.75, 5.0): (0.0, 2.8666666666666667) in 13.95s
37/675 (10, 1000, 0.1, 2, 6, 1.0, 10, 12, 0.0, 0.7, 0.2, 0.2): (0.0, 2.566666666666667) in 18.36s
38/675 (10, 1000, 0.1, 2, 6, 1.0, 10, 12, 0.0, 0.7, 0.2, 1.0): (0.0, 2.6666666666666665) in 18.99s
39/675 (10, 1000, 0.1, 2, 6, 1.0, 10, 12, 0.0, 0.7, 0.2, 5.0): (0.0, 2.7666666666666666) in 19.49s
40/675 (10, 1000, 0.1, 2, 6, 1.0, 10, 12, 0.0, 0.7, 0.5, 0.2): (0.0, 2.7333333333333334) in 16.17s
41/675 (10, 1000, 0.1, 2, 6, 1.0, 10, 12, 0.0, 0.7, 0.5, 1.0): (0.0, 2.7) in 15.35s
42/675 (10, 1000, 0.1, 2, 6, 1.0, 10, 12, 0.0, 0.7, 0.5, 5.0): (0.0, 2.7666666666666666) in 16.59s
43/675 (10, 1000, 0.1, 2, 6, 1.0, 10, 12, 0.0, 0.7, 0.75, 0.2): (0.0, 2.933333333333333) in 14.58s
44/675 (10, 1000, 0.1, 2, 6, 1.0, 10, 12, 0.0, 0.7, 0.75, 1.0): (0.0, 2.8) in 14.66s
45/675 (10, 1000, 0.1, 2, 6, 1.0, 10, 12, 0.0, 0.7, 0.75, 5.0): (0.0, 2.6666666666666665) in 14.26s
46/675 (10, 1000, 0.1, 2, 6, 1.0, 10, 12, 0.02, 0.0, 0.2, 0.2): (0.0, 2.533333333333333) in 33.58s
47/675 (10, 1000, 0.1, 2, 6, 1.0, 10, 12, 0.02, 0.0, 0.2, 1.0): (0.0, 2.7666666666666666) in 32.58s
48/675 (10, 1000, 0.1, 2, 6, 1.0, 10, 12, 0.02, 0.0, 0.2, 5.0): (0.0, 2.8) in 33.50s
49/675 (10, 1000, 0.1, 2, 6, 1.0, 10, 12, 0.02, 0.0, 0.5, 0.2): (0.0, 2.6) in 27.96s
50/675 (10, 1000, 0.1, 2, 6, 1.0, 10, 12, 0.02, 0.0, 0.5, 1.0): (0.0, 2.6666666666666665) in 27.58s
51/675 (10, 1000, 0.1, 2, 6, 1.0, 10, 12, 0.02, 0.0, 0.5, 5.0): (0.0, 2.8666666666666667) in 27.50s
52/675 (10, 1000, 0.1, 2, 6, 1.0, 10, 12, 0.02, 0.0, 0.75, 0.2): (0.0, 2.6666666666666665) in 26.09s
53/675 (10, 1000, 0.1, 2, 6, 1.0, 10, 12, 0.02, 0.0, 0.75, 1.0): (0.0, 2.6) in 26.07s
54/675 (10, 1000, 0.1, 2, 6, 1.0, 10, 12, 0.02, 0.0, 0.75, 5.0): (0.0, 2.8) in 26.51s
55/675 (10, 1000, 0.1, 2, 6, 1.0, 10, 12, 0.02, 0.05, 0.2, 0.2): (0.0, 2.8) in 35.66s
56/675 (10, 1000, 0.1, 2, 6, 1.0, 10, 12, 0.02, 0.05, 0.2, 1.0): (0.0, 2.7333333333333334) in 37.31s
57/675 (10, 1000, 0.1, 2, 6, 1.0, 10, 12, 0.02, 0.05, 0.2, 5.0): (0.0, 2.7333333333333334) in 37.99s
58/675 (10, 1000, 0.1, 2, 6, 1.0, 10, 12, 0.02, 0.05, 0.5, 0.2): (0.0, 2.7333333333333334) in 31.03s
59/675 (10, 1000, 0.1, 2, 6, 1.0, 10, 12, 0.02, 0.05, 0.5, 1.0): (0.0, 2.8333333333333335) in 31.02s
60/675 (10, 1000, 0.1, 2, 6, 1.0, 10, 12, 0.02, 0.05, 0.5, 5.0): (0.0, 2.7333333333333334) in 30.03s
61/675 (10, 1000, 0.1, 2, 6, 1.0, 10, 12, 0.02, 0.05, 0.75, 0.2): (0.0, 2.7333333333333334) in 28.52s
62/675 (10, 1000, 0.1, 2, 6, 1.0, 10, 12, 0.02, 0.05, 0.75, 1.0): (0.0, 2.7666666666666666) in 29.05s
63/675 (10, 1000, 0.1, 2, 6, 1.0, 10, 12, 0.02, 0.05, 0.75, 5.0): (0.0, 2.6666666666666665) in 28.89s
64/675 (10, 1000, 0.1, 2, 6, 1.0, 10, 12, 0.02, 0.1, 0.2, 0.2): (0.0, 2.8) in 40.23s
65/675 (10, 1000, 0.1, 2, 6, 1.0, 10, 12, 0.02, 0.1, 0.2, 1.0): (0.0, 2.8) in 39.26s
66/675 (10, 1000, 0.1, 2, 6, 1.0, 10, 12, 0.02, 0.1, 0.2, 5.0): (0.0, 2.8) in 40.47s
67/675 (10, 1000, 0.1, 2, 6, 1.0, 10, 12, 0.02, 0.1, 0.5, 0.2): (0.0, 2.7666666666666666) in 32.53s
68/675 (10, 1000, 0.1, 2, 6, 1.0, 10, 12, 0.02, 0.1, 0.5, 1.0): (0.0, 2.9) in 33.17s
69/675 (10, 1000, 0.1, 2, 6, 1.0, 10, 12, 0.02, 0.1, 0.5, 5.0): (0.0, 2.8) in 32.01s
70/675 (10, 1000, 0.1, 2, 6, 1.0, 10, 12, 0.02, 0.1, 0.75, 0.2): (0.0, 2.7) in 30.83s
71/675 (10, 1000, 0.1, 2, 6, 1.0, 10, 12, 0.02, 0.1, 0.75, 1.0): (0.0, 2.966666666666667) in 31.52s
72/675 (10, 1000, 0.1, 2, 6, 1.0, 10, 12, 0.02, 0.1, 0.75, 5.0): (0.0, 2.6666666666666665) in 31.18s
73/675 (10, 1000, 0.1, 2, 6, 1.0, 10, 12, 0.02, 0.3, 0.2, 0.2): (0.0, 2.7) in 49.77s
74/675 (10, 1000, 0.1, 2, 6, 1.0, 10, 12, 0.02, 0.3, 0.2, 1.0): (0.0, 2.5) in 51.08s
75/675 (10, 1000, 0.1, 2, 6, 1.0, 10, 12, 0.02, 0.3, 0.2, 5.0): (0.0, 2.6666666666666665) in 51.27s
76/675 (10, 1000, 0.1, 2, 6, 1.0, 10, 12, 0.02, 0.3, 0.5, 0.2): (0.0, 2.9) in 40.27s
77/675 (10, 1000, 0.1, 2, 6, 1.0, 10, 12, 0.02, 0.3, 0.5, 1.0): (0.0, 2.8666666666666667) in 41.70s
78/675 (10, 1000, 0.1, 2, 6, 1.0, 10, 12, 0.02, 0.3, 0.5, 5.0): (0.0, 2.8) in 39.72s
79/675 (10, 1000, 0.1, 2, 6, 1.0, 10, 12, 0.02, 0.3, 0.75, 0.2): (0.0, 2.7666666666666666) in 37.45s
80/675 (10, 1000, 0.1, 2, 6, 1.0, 10, 12, 0.02, 0.3, 0.75, 1.0): (0.0, 2.933333333333333) in 36.60s
81/675 (10, 1000, 0.1, 2, 6, 1.0, 10, 12, 0.02, 0.3, 0.75, 5.0): (0.0, 2.8) in 37.21s
82/675 (10, 1000, 0.1, 2, 6, 1.0, 10, 12, 0.02, 0.7, 0.2, 0.2): (0.0, 2.6666666666666665) in 66.42s
83/675 (10, 1000, 0.1, 2, 6, 1.0, 10, 12, 0.02, 0.7, 0.2, 1.0): (0.0, 2.8666666666666667) in 67.71s
84/675 (10, 1000, 0.1, 2, 6, 1.0, 10, 12, 0.02, 0.7, 0.2, 5.0): (0.0, 2.8333333333333335) in 65.40s
85/675 (10, 1000, 0.1, 2, 6, 1.0, 10, 12, 0.02, 0.7, 0.5, 0.2): (0.0, 2.4) in 53.74s
86/675 (10, 1000, 0.1, 2, 6, 1.0, 10, 12, 0.02, 0.7, 0.5, 1.0): (0.0, 2.8666666666666667) in 52.31s
87/675 (10, 1000, 0.1, 2, 6, 1.0, 10, 12, 0.02, 0.7, 0.5, 5.0): (0.0, 2.7333333333333334) in 52.87s
88/675 (10, 1000, 0.1, 2, 6, 1.0, 10, 12, 0.02, 0.7, 0.75, 0.2): (0.0, 2.7) in 48.73s
89/675 (10, 1000, 0.1, 2, 6, 1.0, 10, 12, 0.02, 0.7, 0.75, 1.0): (0.0, 2.8) in 47.71s
90/675 (10, 1000, 0.1, 2, 6, 1.0, 10, 12, 0.02, 0.7, 0.75, 5.0): (0.0, 2.8333333333333335) in 47.76s
91/675 (10, 1000, 0.1, 2, 6, 1.0, 10, 12, 0.05, 0.0, 0.2, 0.2): (0.0, 2.7666666666666666) in 62.86s
92/675 (10, 1000, 0.1, 2, 6, 1.0, 10, 12, 0.05, 0.0, 0.2, 1.0): (0.0, 2.8666666666666667) in 65.08s
93/675 (10, 1000, 0.1, 2, 6, 1.0, 10, 12, 0.05, 0.0, 0.2, 5.0): (0.0, 2.9) in 62.31s
94/675 (10, 1000, 0.1, 2, 6, 1.0, 10, 12, 0.05, 0.0, 0.5, 0.2): (0.0, 2.5) in 49.22s
95/675 (10, 1000, 0.1, 2, 6, 1.0, 10, 12, 0.05, 0.0, 0.5, 1.0): (0.0, 2.6666666666666665) in 49.20s
96/675 (10, 1000, 0.1, 2, 6, 1.0, 10, 12, 0.05, 0.0, 0.5, 5.0): (0.0, 2.3666666666666667) in 49.24s
97/675 (10, 1000, 0.1, 2, 6, 1.0, 10, 12, 0.05, 0.0, 0.75, 0.2): (0.0, 2.9) in 46.07s
98/675 (10, 1000, 0.1, 2, 6, 1.0, 10, 12, 0.05, 0.0, 0.75, 1.0): (0.0, 2.8666666666666667) in 45.41s
99/675 (10, 1000, 0.1, 2, 6, 1.0, 10, 12, 0.05, 0.0, 0.75, 5.0): (0.0, 2.8666666666666667) in 47.89s
100/675 (10, 1000, 0.1, 2, 6, 1.0, 10, 12, 0.05, 0.05, 0.2, 0.2): (0.0, 2.8333333333333335) in 67.67s
101/675 (10, 1000, 0.1, 2, 6, 1.0, 10, 12, 0.05, 0.05, 0.2, 1.0): (0.0, 2.8333333333333335) in 67.92s
102/675 (10, 1000, 0.1, 2, 6, 1.0, 10, 12, 0.05, 0.05, 0.2, 5.0): (0.0, 2.8333333333333335) in 64.88s
103/675 (10, 1000, 0.1, 2, 6, 1.0, 10, 12, 0.05, 0.05, 0.5, 0.2): (0.0, 2.8) in 55.00s
104/675 (10, 1000, 0.1, 2, 6, 1.0, 10, 12, 0.05, 0.05, 0.5, 1.0): (0.0, 2.8) in 54.98s
105/675 (10, 1000, 0.1, 2, 6, 1.0, 10, 12, 0.05, 0.05, 0.5, 5.0): (0.0, 2.8333333333333335) in 52.99s
106/675 (10, 1000, 0.1, 2, 6, 1.0, 10, 12, 0.05, 0.05, 0.75, 0.2): (0.0, 2.6666666666666665) in 48.49s
107/675 (10, 1000, 0.1, 2, 6, 1.0, 10, 12, 0.05, 0.05, 0.75, 1.0): (0.0, 3.0) in 48.90s
108/675 (10, 1000, 0.1, 2, 6, 1.0, 10, 12, 0.05, 0.05, 0.75, 5.0): (0.0, 2.7333333333333334) in 49.15s
109/675 (10, 1000, 0.1, 2, 6, 1.0, 10, 12, 0.05, 0.1, 0.2, 0.2): (0.0, 2.933333333333333) in 70.16s
110/675 (10, 1000, 0.1, 2, 6, 1.0, 10, 12, 0.05, 0.1, 0.2, 1.0): (0.0, 2.7) in 68.71s
111/675 (10, 1000, 0.1, 2, 6, 1.0, 10, 12, 0.05, 0.1, 0.2, 5.0): (0.0033333333333333335, 2.7666666666666666) in 117.14s
112/675 (10, 1000, 0.1, 2, 6, 1.0, 10, 12, 0.05, 0.1, 0.5, 0.2): (0.0, 2.7333333333333334) in 56.26s
113/675 (10, 1000, 0.1, 2, 6, 1.0, 10, 12, 0.05, 0.1, 0.5, 1.0): (0.0, 2.7333333333333334) in 55.80s
114/675 (10, 1000, 0.1, 2, 6, 1.0, 10, 12, 0.05, 0.1, 0.5, 5.0): (0.0, 2.8) in 55.53s
115/675 (10, 1000, 0.1, 2, 6, 1.0, 10, 12, 0.05, 0.1, 0.75, 0.2): (0.0, 2.8666666666666667) in 51.81s
116/675 (10, 1000, 0.1, 2, 6, 1.0, 10, 12, 0.05, 0.1, 0.75, 1.0): (0.0, 2.8333333333333335) in 51.33s
117/675 (10, 1000, 0.1, 2, 6, 1.0, 10, 12, 0.05, 0.1, 0.75, 5.0): (0.0, 2.933333333333333) in 53.77s
118/675 (10, 1000, 0.1, 2, 6, 1.0, 10, 12, 0.05, 0.3, 0.2, 0.2): (0.0, 2.6666666666666665) in 85.27s
119/675 (10, 1000, 0.1, 2, 6, 1.0, 10, 12, 0.05, 0.3, 0.2, 1.0): (0.0, 2.7333333333333334) in 86.78s
120/675 (10, 1000, 0.1, 2, 6, 1.0, 10, 12, 0.05, 0.3, 0.2, 5.0): (0.0, 2.7666666666666666) in 86.83s
121/675 (10, 1000, 0.1, 2, 6, 1.0, 10, 12, 0.05, 0.3, 0.5, 0.2): (0.0, 2.9) in 68.90s
122/675 (10, 1000, 0.1, 2, 6, 1.0, 10, 12, 0.05, 0.3, 0.5, 1.0): (0.0, 2.6333333333333333) in 69.13s
123/675 (10, 1000, 0.1, 2, 6, 1.0, 10, 12, 0.05, 0.3, 0.5, 5.0): (0.0, 2.8) in 66.11s
124/675 (10, 1000, 0.1, 2, 6, 1.0, 10, 12, 0.05, 0.3, 0.75, 0.2): (0.0, 2.8) in 60.40s
125/675 (10, 1000, 0.1, 2, 6, 1.0, 10, 12, 0.05, 0.3, 0.75, 1.0): (0.0, 3.0) in 60.80s
126/675 (10, 1000, 0.1, 2, 6, 1.0, 10, 12, 0.05, 0.3, 0.75, 5.0): (0.0, 2.9) in 61.09s
127/675 (10, 1000, 0.1, 2, 6, 1.0, 10, 12, 0.05, 0.7, 0.2, 0.2): (0.0, 2.6666666666666665) in 111.28s
128/675 (10, 1000, 0.1, 2, 6, 1.0, 10, 12, 0.05, 0.7, 0.2, 1.0): (0.0, 2.6) in 109.49s
129/675 (10, 1000, 0.1, 2, 6, 1.0, 10, 12, 0.05, 0.7, 0.2, 5.0): (0.0, 2.8666666666666667) in 109.65s
130/675 (10, 1000, 0.1, 2, 6, 1.0, 10, 12, 0.05, 0.7, 0.5, 0.2): (0.0, 2.533333333333333) in 86.50s
131/675 (10, 1000, 0.1, 2, 6, 1.0, 10, 12, 0.05, 0.7, 0.5, 1.0): (0.0, 2.8) in 85.92s
132/675 (10, 1000, 0.1, 2, 6, 1.0, 10, 12, 0.05, 0.7, 0.5, 5.0): (0.0, 2.8) in 86.37s
133/675 (10, 1000, 0.1, 2, 6, 1.0, 10, 12, 0.05, 0.7, 0.75, 0.2): (0.0, 2.9) in 78.57s
134/675 (10, 1000, 0.1, 2, 6, 1.0, 10, 12, 0.05, 0.7, 0.75, 1.0): (0.0, 2.8) in 78.40s
135/675 (10, 1000, 0.1, 2, 6, 1.0, 10, 12, 0.05, 0.7, 0.75, 5.0): (0.0, 2.8) in 77.60s
136/675 (10, 1000, 0.1, 2, 6, 1.0, 10, 12, 0.1, 0.0, 0.2, 0.2): (0.0028586715585110444, 3.2) in 125.06s
137/675 (10, 1000, 0.1, 2, 6, 1.0, 10, 12, 0.1, 0.0, 0.2, 1.0): (0.0, 2.933333333333333) in 121.10s
138/675 (10, 1000, 0.1, 2, 6, 1.0, 10, 12, 0.1, 0.0, 0.2, 5.0): (0.0, 2.8666666666666667) in 121.97s
139/675 (10, 1000, 0.1, 2, 6, 1.0, 10, 12, 0.1, 0.0, 0.5, 0.2): (0.0, 2.8) in 91.82s
140/675 (10, 1000, 0.1, 2, 6, 1.0, 10, 12, 0.1, 0.0, 0.5, 1.0): (0.0, 2.7333333333333334) in 91.38s
141/675 (10, 1000, 0.1, 2, 6, 1.0, 10, 12, 0.1, 0.0, 0.5, 5.0): (0.0, 2.7666666666666666) in 90.51s
142/675 (10, 1000, 0.1, 2, 6, 1.0, 10, 12, 0.1, 0.0, 0.75, 0.2): (0.0, 2.8333333333333335) in 85.62s
143/675 (10, 1000, 0.1, 2, 6, 1.0, 10, 12, 0.1, 0.0, 0.75, 1.0): (0.0, 2.8666666666666667) in 80.69s
144/675 (10, 1000, 0.1, 2, 6, 1.0, 10, 12, 0.1, 0.0, 0.75, 5.0): (0.0, 2.6666666666666665) in 81.73s
145/675 (10, 1000, 0.1, 2, 6, 1.0, 10, 12, 0.1, 0.05, 0.2, 0.2): (0.0, 2.8) in 120.12s
146/675 (10, 1000, 0.1, 2, 6, 1.0, 10, 12, 0.1, 0.05, 0.2, 1.0): (0.0, 2.8) in 120.10s
147/675 (10, 1000, 0.1, 2, 6, 1.0, 10, 12, 0.1, 0.05, 0.2, 5.0): (0.0, 2.566666666666667) in 126.18s
148/675 (10, 1000, 0.1, 2, 6, 1.0, 10, 12, 0.1, 0.05, 0.5, 0.2): (0.0, 2.7666666666666666) in 93.84s
149/675 (10, 1000, 0.1, 2, 6, 1.0, 10, 12, 0.1, 0.05, 0.5, 1.0): (0.0, 2.966666666666667) in 94.45s
150/675 (10, 1000, 0.1, 2, 6, 1.0, 10, 12, 0.1, 0.05, 0.5, 5.0): (0.0, 2.6) in 94.44s
151/675 (10, 1000, 0.1, 2, 6, 1.0, 10, 12, 0.1, 0.05, 0.75, 0.2): (0.0, 2.6666666666666665) in 84.81s
152/675 (10, 1000, 0.1, 2, 6, 1.0, 10, 12, 0.1, 0.05, 0.75, 1.0): (0.0, 2.8) in 83.46s
153/675 (10, 1000, 0.1, 2, 6, 1.0, 10, 12, 0.1, 0.05, 0.75, 5.0): (0.0, 2.8) in 85.74s
154/675 (10, 1000, 0.1, 2, 6, 1.0, 10, 12, 0.1, 0.1, 0.2, 0.2): (0.0, 2.6666666666666665) in 126.13s
155/675 (10, 1000, 0.1, 2, 6, 1.0, 10, 12, 0.1, 0.1, 0.2, 1.0): (0.0, 2.7) in 128.72s
156/675 (10, 1000, 0.1, 2, 6, 1.0, 10, 12, 0.1, 0.1, 0.2, 5.0): (0.0, 2.8333333333333335) in 133.69s
157/675 (10, 1000, 0.1, 2, 6, 1.0, 10, 12, 0.1, 0.1, 0.5, 0.2): (0.0, 2.6666666666666665) in 95.84s
158/675 (10, 1000, 0.1, 2, 6, 1.0, 10, 12, 0.1, 0.1, 0.5, 1.0): (0.0, 2.8666666666666667) in 101.79s
159/675 (10, 1000, 0.1, 2, 6, 1.0, 10, 12, 0.1, 0.1, 0.5, 5.0): (0.0, 2.8666666666666667) in 97.19s
160/675 (10, 1000, 0.1, 2, 6, 1.0, 10, 12, 0.1, 0.1, 0.75, 0.2): (0.0, 2.933333333333333) in 92.39s
161/675 (10, 1000, 0.1, 2, 6, 1.0, 10, 12, 0.1, 0.1, 0.75, 1.0): (0.0, 2.6) in 88.17s
162/675 (10, 1000, 0.1, 2, 6, 1.0, 10, 12, 0.1, 0.1, 0.75, 5.0): (0.0, 2.933333333333333) in 91.30s
163/675 (10, 1000, 0.1, 2, 6, 1.0, 10, 12, 0.1, 0.3, 0.2, 0.2): (0.0, 2.8666666666666667) in 151.36s
164/675 (10, 1000, 0.1, 2, 6, 1.0, 10, 12, 0.1, 0.3, 0.2, 1.0): (0.0, 3.0) in 144.47s
165/675 (10, 1000, 0.1, 2, 6, 1.0, 10, 12, 0.1, 0.3, 0.2, 5.0): (0.0, 2.8) in 153.11s
166/675 (10, 1000, 0.1, 2, 6, 1.0, 10, 12, 0.1, 0.3, 0.5, 0.2): (0.0, 2.7333333333333334) in 115.57s
167/675 (10, 1000, 0.1, 2, 6, 1.0, 10, 12, 0.1, 0.3, 0.5, 1.0): (0.0, 2.7666666666666666) in 110.25s
168/675 (10, 1000, 0.1, 2, 6, 1.0, 10, 12, 0.1, 0.3, 0.5, 5.0): (0.0, 2.6333333333333333) in 110.72s
169/675 (10, 1000, 0.1, 2, 6, 1.0, 10, 12, 0.1, 0.3, 0.75, 0.2): (0.0015503875968992248, 2.8666666666666667) in 100.86s
170/675 (10, 1000, 0.1, 2, 6, 1.0, 10, 12, 0.1, 0.3, 0.75, 1.0): (0.0, 2.8666666666666667) in 102.17s
171/675 (10, 1000, 0.1, 2, 6, 1.0, 10, 12, 0.1, 0.3, 0.75, 5.0): (0.0, 2.7333333333333334) in 99.22s
172/675 (10, 1000, 0.1, 2, 6, 1.0, 10, 12, 0.1, 0.7, 0.2, 0.2): (0.0, 3.0) in 175.50s
173/675 (10, 1000, 0.1, 2, 6, 1.0, 10, 12, 0.1, 0.7, 0.2, 1.0): (0.0, 2.7) in 177.02s
174/675 (10, 1000, 0.1, 2, 6, 1.0, 10, 12, 0.1, 0.7, 0.2, 5.0): (0.0, 2.8333333333333335) in 174.91s
175/675 (10, 1000, 0.1, 2, 6, 1.0, 10, 12, 0.1, 0.7, 0.5, 0.2): (0.0, 2.7666666666666666) in 136.41s
176/675 (10, 1000, 0.1, 2, 6, 1.0, 10, 12, 0.1, 0.7, 0.5, 1.0): (0.0, 2.8333333333333335) in 134.33s
177/675 (10, 1000, 0.1, 2, 6, 1.0, 10, 12, 0.1, 0.7, 0.5, 5.0): (0.0, 2.7) in 138.38s
178/675 (10, 1000, 0.1, 2, 6, 1.0, 10, 12, 0.1, 0.7, 0.75, 0.2): (0.0, 2.8666666666666667) in 120.39s
179/675 (10, 1000, 0.1, 2, 6, 1.0, 10, 12, 0.1, 0.7, 0.75, 1.0): (0.0, 2.6333333333333333) in 121.64s
180/675 (10, 1000, 0.1, 2, 6, 1.0, 10, 12, 0.1, 0.7, 0.75, 5.0): (0.0, 2.966666666666667) in 121.04s
181/675 (10, 1000, 0.1, 2, 6, 1.0, 10, 12, 0.5, 0.0, 0.2, 0.2): (0.0, 2.7666666666666666) in 312.85s
182/675 (10, 1000, 0.1, 2, 6, 1.0, 10, 12, 0.5, 0.0, 0.2, 1.0): (0.0, 2.8333333333333335) in 309.15s
183/675 (10, 1000, 0.1, 2, 6, 1.0, 10, 12, 0.5, 0.0, 0.2, 5.0): (0.0, 2.933333333333333) in 312.07s
184/675 (10, 1000, 0.1, 2, 6, 1.0, 10, 12, 0.5, 0.0, 0.5, 0.2): (0.0, 2.7666666666666666) in 394.64s
185/675 (10, 1000, 0.1, 2, 6, 1.0, 10, 12, 0.5, 0.0, 0.5, 1.0): (0.0, 2.8333333333333335) in 391.33s
186/675 (10, 1000, 0.1, 2, 6, 1.0, 10, 12, 0.5, 0.0, 0.5, 5.0): (0.0, 2.7) in 395.58s
187/675 (10, 1000, 0.1, 2, 6, 1.0, 10, 12, 0.5, 0.0, 0.75, 0.2): (0.0026802754958094766, 3.1333333333333333) in 432.51s
188/675 (10, 1000, 0.1, 2, 6, 1.0, 10, 12, 0.5, 0.0, 0.75, 1.0): (0.00130718954248366, 2.8) in 435.09s
189/675 (10, 1000, 0.1, 2, 6, 1.0, 10, 12, 0.5, 0.0, 0.75, 5.0): (0.005797101449275362, 2.8) in 439.25s
190/675 (10, 1000, 0.1, 2, 6, 1.0, 10, 12, 0.5, 0.05, 0.2, 0.2): (0.0, 2.9) in 309.50s
191/675 (10, 1000, 0.1, 2, 6, 1.0, 10, 12, 0.5, 0.05, 0.2, 1.0): (0.0, 2.7333333333333334) in 322.96s
192/675 (10, 1000, 0.1, 2, 6, 1.0, 10, 12, 0.5, 0.05, 0.2, 5.0): (0.0, 2.7666666666666666) in 310.15s
193/675 (10, 1000, 0.1, 2, 6, 1.0, 10, 12, 0.5, 0.05, 0.5, 0.2): (0.0017316017316017318, 2.9) in 392.55s
194/675 (10, 1000, 0.1, 2, 6, 1.0, 10, 12, 0.5, 0.05, 0.5, 1.0): (0.0, 2.7333333333333334) in 397.48s
195/675 (10, 1000, 0.1, 2, 6, 1.0, 10, 12, 0.5, 0.05, 0.5, 5.0): (0.0, 2.8333333333333335) in 398.11s
196/675 (10, 1000, 0.1, 2, 6, 1.0, 10, 12, 0.5, 0.05, 0.75, 0.2): (0.00028490028490028494, 3.0) in 439.95s
197/675 (10, 1000, 0.1, 2, 6, 1.0, 10, 12, 0.5, 0.05, 0.75, 1.0): (0.0, 2.7333333333333334) in 434.77s
198/675 (10, 1000, 0.1, 2, 6, 1.0, 10, 12, 0.5, 0.05, 0.75, 5.0): (0.0, 2.5) in 442.29s
199/675 (10, 1000, 0.1, 2, 6, 1.0, 10, 12, 0.5, 0.1, 0.2, 0.2): (0.0, 2.7666666666666666) in 320.99s
200/675 (10, 1000, 0.1, 2, 6, 1.0, 10, 12, 0.5, 0.1, 0.2, 1.0): (0.0, 2.8666666666666667) in 313.85s
201/675 (10, 1000, 0.1, 2, 6, 1.0, 10, 12, 0.5, 0.1, 0.2, 5.0): (0.0, 2.8) in 314.57s
202/675 (10, 1000, 0.1, 2, 6, 1.0, 10, 12, 0.5, 0.1, 0.5, 0.2): (0.0024250440917107582, 2.7666666666666666) in 404.35s
203/675 (10, 1000, 0.1, 2, 6, 1.0, 10, 12, 0.5, 0.1, 0.5, 1.0): (0.0033898305084745766, 2.933333333333333) in 481.85s
204/675 (10, 1000, 0.1, 2, 6, 1.0, 10, 12, 0.5, 0.1, 0.5, 5.0): (0.0, 2.7333333333333334) in 422.38s
205/675 (10, 1000, 0.1, 2, 6, 1.0, 10, 12, 0.5, 0.1, 0.75, 0.2): (0.0010256410256410256, 2.8666666666666667) in 441.26s
206/675 (10, 1000, 0.1, 2, 6, 1.0, 10, 12, 0.5, 0.1, 0.75, 1.0): (0.0, 2.6666666666666665) in 441.53s
207/675 (10, 1000, 0.1, 2, 6, 1.0, 10, 12, 0.5, 0.1, 0.75, 5.0): (0.0, 2.7333333333333334) in 450.20s
208/675 (10, 1000, 0.1, 2, 6, 1.0, 10, 12, 0.5, 0.3, 0.2, 0.2): (0.0, 2.8333333333333335) in 323.84s
209/675 (10, 1000, 0.1, 2, 6, 1.0, 10, 12, 0.5, 0.3, 0.2, 1.0): (0.0, 2.566666666666667) in 327.15s
210/675 (10, 1000, 0.1, 2, 6, 1.0, 10, 12, 0.5, 0.3, 0.2, 5.0): (0.0036036036036036037, 2.8666666666666667) in 423.47s
211/675 (10, 1000, 0.1, 2, 6, 1.0, 10, 12, 0.5, 0.3, 0.5, 0.2): (0.0016349015949175885, 3.1666666666666665) in 424.61s
212/675 (10, 1000, 0.1, 2, 6, 1.0, 10, 12, 0.5, 0.3, 0.5, 1.0): (0.0023391812865497076, 2.8333333333333335) in 416.69s
213/675 (10, 1000, 0.1, 2, 6, 1.0, 10, 12, 0.5, 0.3, 0.5, 5.0): (0.0, 2.8666666666666667) in 408.99s
214/675 (10, 1000, 0.1, 2, 6, 1.0, 10, 12, 0.5, 0.3, 0.75, 0.2): (0.0018018018018018018, 3.066666666666667) in 456.85s
215/675 (10, 1000, 0.1, 2, 6, 1.0, 10, 12, 0.5, 0.3, 0.75, 1.0): (0.0, 2.8) in 454.98s
216/675 (10, 1000, 0.1, 2, 6, 1.0, 10, 12, 0.5, 0.3, 0.75, 5.0): (0.0, 2.6666666666666665) in 447.33s
217/675 (10, 1000, 0.1, 2, 6, 1.0, 10, 12, 0.5, 0.7, 0.2, 0.2): (0.0, 2.7666666666666666) in 346.52s
218/675 (10, 1000, 0.1, 2, 6, 1.0, 10, 12, 0.5, 0.7, 0.2, 1.0): (0.0, 2.933333333333333) in 336.11s
219/675 (10, 1000, 0.1, 2, 6, 1.0, 10, 12, 0.5, 0.7, 0.2, 5.0): (0.005333333333333333, 2.7) in 348.56s
220/675 (10, 1000, 0.1, 2, 6, 1.0, 10, 12, 0.5, 0.7, 0.5, 0.2): (0.0, 2.8) in 431.43s
221/675 (10, 1000, 0.1, 2, 6, 1.0, 10, 12, 0.5, 0.7, 0.5, 1.0): (0.0, 2.7) in 433.92s
222/675 (10, 1000, 0.1, 2, 6, 1.0, 10, 12, 0.5, 0.7, 0.5, 5.0): (0.005280528052805281, 2.7) in 435.16s
223/675 (10, 1000, 0.1, 2, 6, 1.0, 10, 12, 0.5, 0.7, 0.75, 0.2): (0.0, 2.7) in 476.71s
224/675 (10, 1000, 0.1, 2, 6, 1.0, 10, 12, 0.5, 0.7, 0.75, 1.0): (0.0, 2.8) in 487.44s
225/675 (10, 1000, 0.1, 2, 6, 1.0, 10, 12, 0.5, 0.7, 0.75, 5.0): (0.0064516129032258064, 2.9) in 485.14s
226/675 (10, 1000, 0.1, 2, 6, 6.0, 10, 12, 0.0, 0.0, 0.2, 0.2): (0.0, 2.8333333333333335) in 14.64s
227/675 (10, 1000, 0.1, 2, 6, 6.0, 10, 12, 0.0, 0.0, 0.2, 1.0): (0.0, 2.7333333333333334) in 12.74s
228/675 (10, 1000, 0.1, 2, 6, 6.0, 10, 12, 0.0, 0.0, 0.2, 5.0): (0.0, 2.7666666666666666) in 13.27s
229/675 (10, 1000, 0.1, 2, 6, 6.0, 10, 12, 0.0, 0.0, 0.5, 0.2): (0.0, 2.8666666666666667) in 12.71s
230/675 (10, 1000, 0.1, 2, 6, 6.0, 10, 12, 0.0, 0.0, 0.5, 1.0): (0.0, 2.6666666666666665) in 12.60s
231/675 (10, 1000, 0.1, 2, 6, 6.0, 10, 12, 0.0, 0.0, 0.5, 5.0): (0.0, 2.7666666666666666) in 13.00s
232/675 (10, 1000, 0.1, 2, 6, 6.0, 10, 12, 0.0, 0.0, 0.75, 0.2): (0.0, 2.8333333333333335) in 12.42s
233/675 (10, 1000, 0.1, 2, 6, 6.0, 10, 12, 0.0, 0.0, 0.75, 1.0): (0.0, 2.9) in 12.68s
234/675 (10, 1000, 0.1, 2, 6, 6.0, 10, 12, 0.0, 0.0, 0.75, 5.0): (0.0, 2.7333333333333334) in 12.47s
235/675 (10, 1000, 0.1, 2, 6, 6.0, 10, 12, 0.0, 0.05, 0.2, 0.2): (0.0, 2.933333333333333) in 14.89s
236/675 (10, 1000, 0.1, 2, 6, 6.0, 10, 12, 0.0, 0.05, 0.2, 1.0): (0.0, 2.6333333333333333) in 14.69s
237/675 (10, 1000, 0.1, 2, 6, 6.0, 10, 12, 0.0, 0.05, 0.2, 5.0): (0.0, 2.8) in 14.93s
238/675 (10, 1000, 0.1, 2, 6, 6.0, 10, 12, 0.0, 0.05, 0.5, 0.2): (0.0, 2.8333333333333335) in 13.10s
239/675 (10, 1000, 0.1, 2, 6, 6.0, 10, 12, 0.0, 0.05, 0.5, 1.0): (0.0, 2.8) in 13.27s
240/675 (10, 1000, 0.1, 2, 6, 6.0, 10, 12, 0.0, 0.05, 0.5, 5.0): (0.0, 2.8) in 13.61s
241/675 (10, 1000, 0.1, 2, 6, 6.0, 10, 12, 0.0, 0.05, 0.75, 0.2): (0.0, 2.7666666666666666) in 13.02s
242/675 (10, 1000, 0.1, 2, 6, 6.0, 10, 12, 0.0, 0.05, 0.75, 1.0): (0.0, 2.8666666666666667) in 13.05s
243/675 (10, 1000, 0.1, 2, 6, 6.0, 10, 12, 0.0, 0.05, 0.75, 5.0): (0.0, 2.7333333333333334) in 12.94s
244/675 (10, 1000, 0.1, 2, 6, 6.0, 10, 12, 0.0, 0.1, 0.2, 0.2): (0.0, 2.933333333333333) in 15.79s
245/675 (10, 1000, 0.1, 2, 6, 6.0, 10, 12, 0.0, 0.1, 0.2, 1.0): (0.0, 2.7) in 15.67s
246/675 (10, 1000, 0.1, 2, 6, 6.0, 10, 12, 0.0, 0.1, 0.2, 5.0): (0.0, 2.7333333333333334) in 15.53s
247/675 (10, 1000, 0.1, 2, 6, 6.0, 10, 12, 0.0, 0.1, 0.5, 0.2): (0.0, 2.7666666666666666) in 13.76s
248/675 (10, 1000, 0.1, 2, 6, 6.0, 10, 12, 0.0, 0.1, 0.5, 1.0): (0.0, 2.8) in 13.92s
249/675 (10, 1000, 0.1, 2, 6, 6.0, 10, 12, 0.0, 0.1, 0.5, 5.0): (0.0, 2.8) in 13.59s
250/675 (10, 1000, 0.1, 2, 6, 6.0, 10, 12, 0.0, 0.1, 0.75, 0.2): (0.0, 2.6) in 13.11s
251/675 (10, 1000, 0.1, 2, 6, 6.0, 10, 12, 0.0, 0.1, 0.75, 1.0): (0.0, 2.8) in 13.16s
252/675 (10, 1000, 0.1, 2, 6, 6.0, 10, 12, 0.0, 0.1, 0.75, 5.0): (0.0, 2.6666666666666665) in 13.23s
253/675 (10, 1000, 0.1, 2, 6, 6.0, 10, 12, 0.0, 0.3, 0.2, 0.2): (0.0, 2.8333333333333335) in 16.50s
254/675 (10, 1000, 0.1, 2, 6, 6.0, 10, 12, 0.0, 0.3, 0.2, 1.0): (0.0, 2.8) in 17.46s
255/675 (10, 1000, 0.1, 2, 6, 6.0, 10, 12, 0.0, 0.3, 0.2, 5.0): (0.0, 2.7333333333333334) in 17.08s
256/675 (10, 1000, 0.1, 2, 6, 6.0, 10, 12, 0.0, 0.3, 0.5, 0.2): (0.0, 2.933333333333333) in 14.86s
257/675 (10, 1000, 0.1, 2, 6, 6.0, 10, 12, 0.0, 0.3, 0.5, 1.0): (0.0, 3.0) in 14.36s
258/675 (10, 1000, 0.1, 2, 6, 6.0, 10, 12, 0.0, 0.3, 0.5, 5.0): (0.0, 3.0) in 14.64s
259/675 (10, 1000, 0.1, 2, 6, 6.0, 10, 12, 0.0, 0.3, 0.75, 0.2): (0.0, 2.8) in 14.22s
260/675 (10, 1000, 0.1, 2, 6, 6.0, 10, 12, 0.0, 0.3, 0.75, 1.0): (0.0, 2.6) in 13.82s
261/675 (10, 1000, 0.1, 2, 6, 6.0, 10, 12, 0.0, 0.3, 0.75, 5.0): (0.0, 2.7) in 13.61s
262/675 (10, 1000, 0.1, 2, 6, 6.0, 10, 12, 0.0, 0.7, 0.2, 0.2): (0.0, 2.8333333333333335) in 19.83s
263/675 (10, 1000, 0.1, 2, 6, 6.0, 10, 12, 0.0, 0.7, 0.2, 1.0): (0.0, 2.6333333333333333) in 18.55s
264/675 (10, 1000, 0.1, 2, 6, 6.0, 10, 12, 0.0, 0.7, 0.2, 5.0): (0.0, 2.6333333333333333) in 19.99s
265/675 (10, 1000, 0.1, 2, 6, 6.0, 10, 12, 0.0, 0.7, 0.5, 0.2): (0.0, 2.8666666666666667) in 16.61s
266/675 (10, 1000, 0.1, 2, 6, 6.0, 10, 12, 0.0, 0.7, 0.5, 1.0): (0.0, 2.7333333333333334) in 17.05s
267/675 (10, 1000, 0.1, 2, 6, 6.0, 10, 12, 0.0, 0.7, 0.5, 5.0): (0.0, 2.8333333333333335) in 17.33s
268/675 (10, 1000, 0.1, 2, 6, 6.0, 10, 12, 0.0, 0.7, 0.75, 0.2): (0.0, 2.8666666666666667) in 15.14s
269/675 (10, 1000, 0.1, 2, 6, 6.0, 10, 12, 0.0, 0.7, 0.75, 1.0): (0.0, 2.466666666666667) in 15.16s
270/675 (10, 1000, 0.1, 2, 6, 6.0, 10, 12, 0.0, 0.7, 0.75, 5.0): (0.0, 2.933333333333333) in 14.07s
271/675 (10, 1000, 0.1, 2, 6, 6.0, 10, 12, 0.02, 0.0, 0.2, 0.2): (0.0, 2.8333333333333335) in 32.52s
272/675 (10, 1000, 0.1, 2, 6, 6.0, 10, 12, 0.02, 0.0, 0.2, 1.0): (0.0, 2.7333333333333334) in 32.34s
273/675 (10, 1000, 0.1, 2, 6, 6.0, 10, 12, 0.02, 0.0, 0.2, 5.0): (0.0, 2.8) in 31.87s
274/675 (10, 1000, 0.1, 2, 6, 6.0, 10, 12, 0.02, 0.0, 0.5, 0.2): (0.0, 2.6666666666666665) in 28.40s
275/675 (10, 1000, 0.1, 2, 6, 6.0, 10, 12, 0.02, 0.0, 0.5, 1.0): (0.0, 2.7666666666666666) in 28.70s
276/675 (10, 1000, 0.1, 2, 6, 6.0, 10, 12, 0.02, 0.0, 0.5, 5.0): (0.0, 2.8) in 28.54s
277/675 (10, 1000, 0.1, 2, 6, 6.0, 10, 12, 0.02, 0.0, 0.75, 0.2): (0.0, 2.7333333333333334) in 26.61s
278/675 (10, 1000, 0.1, 2, 6, 6.0, 10, 12, 0.02, 0.0, 0.75, 1.0): (0.0, 2.8) in 27.48s
279/675 (10, 1000, 0.1, 2, 6, 6.0, 10, 12, 0.02, 0.0, 0.75, 5.0): (0.0, 2.9) in 27.12s
280/675 (10, 1000, 0.1, 2, 6, 6.0, 10, 12, 0.02, 0.05, 0.2, 0.2): (0.0, 2.7) in 35.93s
281/675 (10, 1000, 0.1, 2, 6, 6.0, 10, 12, 0.02, 0.05, 0.2, 1.0): (0.0, 2.6666666666666665) in 36.27s
282/675 (10, 1000, 0.1, 2, 6, 6.0, 10, 12, 0.02, 0.05, 0.2, 5.0): (0.0, 2.6) in 36.69s
283/675 (10, 1000, 0.1, 2, 6, 6.0, 10, 12, 0.02, 0.05, 0.5, 0.2): (0.0, 2.7666666666666666) in 31.12s
284/675 (10, 1000, 0.1, 2, 6, 6.0, 10, 12, 0.02, 0.05, 0.5, 1.0): (0.0, 2.7666666666666666) in 30.47s
285/675 (10, 1000, 0.1, 2, 6, 6.0, 10, 12, 0.02, 0.05, 0.5, 5.0): (0.0, 2.7333333333333334) in 30.34s
286/675 (10, 1000, 0.1, 2, 6, 6.0, 10, 12, 0.02, 0.05, 0.75, 0.2): (0.0, 2.7) in 29.19s
287/675 (10, 1000, 0.1, 2, 6, 6.0, 10, 12, 0.02, 0.05, 0.75, 1.0): (0.0, 2.8666666666666667) in 28.27s
288/675 (10, 1000, 0.1, 2, 6, 6.0, 10, 12, 0.02, 0.05, 0.75, 5.0): (0.0, 2.7333333333333334) in 29.00s
289/675 (10, 1000, 0.1, 2, 6, 6.0, 10, 12, 0.02, 0.1, 0.2, 0.2): (0.0, 2.7) in 40.90s
290/675 (10, 1000, 0.1, 2, 6, 6.0, 10, 12, 0.02, 0.1, 0.2, 1.0): (0.0, 3.0) in 39.78s
291/675 (10, 1000, 0.1, 2, 6, 6.0, 10, 12, 0.02, 0.1, 0.2, 5.0): (0.0, 2.6666666666666665) in 40.03s
292/675 (10, 1000, 0.1, 2, 6, 6.0, 10, 12, 0.02, 0.1, 0.5, 0.2): (0.0, 2.8333333333333335) in 32.79s
293/675 (10, 1000, 0.1, 2, 6, 6.0, 10, 12, 0.02, 0.1, 0.5, 1.0): (0.0, 2.8666666666666667) in 32.46s
294/675 (10, 1000, 0.1, 2, 6, 6.0, 10, 12, 0.02, 0.1, 0.5, 5.0): (0.0, 2.6666666666666665) in 34.25s
295/675 (10, 1000, 0.1, 2, 6, 6.0, 10, 12, 0.02, 0.1, 0.75, 0.2): (0.0, 2.8666666666666667) in 31.80s
296/675 (10, 1000, 0.1, 2, 6, 6.0, 10, 12, 0.02, 0.1, 0.75, 1.0): (0.0, 2.6666666666666665) in 30.84s
297/675 (10, 1000, 0.1, 2, 6, 6.0, 10, 12, 0.02, 0.1, 0.75, 5.0): (0.0, 2.7333333333333334) in 31.48s
298/675 (10, 1000, 0.1, 2, 6, 6.0, 10, 12, 0.02, 0.3, 0.2, 0.2): (0.0, 2.8) in 49.80s
299/675 (10, 1000, 0.1, 2, 6, 6.0, 10, 12, 0.02, 0.3, 0.2, 1.0): (0.0, 2.8666666666666667) in 51.17s
300/675 (10, 1000, 0.1, 2, 6, 6.0, 10, 12, 0.02, 0.3, 0.2, 5.0): (0.0, 2.6) in 52.15s
301/675 (10, 1000, 0.1, 2, 6, 6.0, 10, 12, 0.02, 0.3, 0.5, 0.2): (0.0, 2.5) in 41.50s
302/675 (10, 1000, 0.1, 2, 6, 6.0, 10, 12, 0.02, 0.3, 0.5, 1.0): (0.0, 2.8666666666666667) in 40.73s
303/675 (10, 1000, 0.1, 2, 6, 6.0, 10, 12, 0.02, 0.3, 0.5, 5.0): (0.0, 2.8) in 41.93s
304/675 (10, 1000, 0.1, 2, 6, 6.0, 10, 12, 0.02, 0.3, 0.75, 0.2): (0.0, 2.933333333333333) in 36.84s
305/675 (10, 1000, 0.1, 2, 6, 6.0, 10, 12, 0.02, 0.3, 0.75, 1.0): (0.0, 2.6333333333333333) in 38.56s
306/675 (10, 1000, 0.1, 2, 6, 6.0, 10, 12, 0.02, 0.3, 0.75, 5.0): (0.0, 2.7666666666666666) in 37.89s
307/675 (10, 1000, 0.1, 2, 6, 6.0, 10, 12, 0.02, 0.7, 0.2, 0.2): (0.0, 2.933333333333333) in 65.29s
308/675 (10, 1000, 0.1, 2, 6, 6.0, 10, 12, 0.02, 0.7, 0.2, 1.0): (0.0, 2.8) in 66.29s
309/675 (10, 1000, 0.1, 2, 6, 6.0, 10, 12, 0.02, 0.7, 0.2, 5.0): (0.0, 2.7333333333333334) in 67.99s
310/675 (10, 1000, 0.1, 2, 6, 6.0, 10, 12, 0.02, 0.7, 0.5, 0.2): (0.0, 2.8666666666666667) in 51.72s
311/675 (10, 1000, 0.1, 2, 6, 6.0, 10, 12, 0.02, 0.7, 0.5, 1.0): (0.0, 2.9) in 55.38s
312/675 (10, 1000, 0.1, 2, 6, 6.0, 10, 12, 0.02, 0.7, 0.5, 5.0): (0.0, 2.8333333333333335) in 54.36s
313/675 (10, 1000, 0.1, 2, 6, 6.0, 10, 12, 0.02, 0.7, 0.75, 0.2): (0.0, 2.8666666666666667) in 47.76s
314/675 (10, 1000, 0.1, 2, 6, 6.0, 10, 12, 0.02, 0.7, 0.75, 1.0): (0.0, 2.6666666666666665) in 47.95s
315/675 (10, 1000, 0.1, 2, 6, 6.0, 10, 12, 0.02, 0.7, 0.75, 5.0): (0.0, 2.8666666666666667) in 47.99s
316/675 (10, 1000, 0.1, 2, 6, 6.0, 10, 12, 0.05, 0.0, 0.2, 0.2): (0.0, 2.6) in 62.77s
317/675 (10, 1000, 0.1, 2, 6, 6.0, 10, 12, 0.05, 0.0, 0.2, 1.0): (0.0, 2.8333333333333335) in 64.81s
318/675 (10, 1000, 0.1, 2, 6, 6.0, 10, 12, 0.05, 0.0, 0.2, 5.0): (0.0, 2.8333333333333335) in 62.63s
319/675 (10, 1000, 0.1, 2, 6, 6.0, 10, 12, 0.05, 0.0, 0.5, 0.2): (0.0, 2.8333333333333335) in 49.43s
320/675 (10, 1000, 0.1, 2, 6, 6.0, 10, 12, 0.05, 0.0, 0.5, 1.0): (0.0, 2.8333333333333335) in 49.33s
321/675 (10, 1000, 0.1, 2, 6, 6.0, 10, 12, 0.05, 0.0, 0.5, 5.0): (0.0, 2.7333333333333334) in 52.34s
322/675 (10, 1000, 0.1, 2, 6, 6.0, 10, 12, 0.05, 0.0, 0.75, 0.2): (0.0, 2.7333333333333334) in 48.31s
323/675 (10, 1000, 0.1, 2, 6, 6.0, 10, 12, 0.05, 0.0, 0.75, 1.0): (0.0, 2.6333333333333333) in 46.89s
324/675 (10, 1000, 0.1, 2, 6, 6.0, 10, 12, 0.05, 0.0, 0.75, 5.0): (0.0, 2.6666666666666665) in 45.89s
325/675 (10, 1000, 0.1, 2, 6, 6.0, 10, 12, 0.05, 0.05, 0.2, 0.2): (0.0, 2.7666666666666666) in 68.84s
326/675 (10, 1000, 0.1, 2, 6, 6.0, 10, 12, 0.05, 0.05, 0.2, 1.0): (0.0, 2.7) in 67.27s
327/675 (10, 1000, 0.1, 2, 6, 6.0, 10, 12, 0.05, 0.05, 0.2, 5.0): (0.0, 2.7) in 68.23s
328/675 (10, 1000, 0.1, 2, 6, 6.0, 10, 12, 0.05, 0.05, 0.5, 0.2): (0.0, 2.7333333333333334) in 54.64s
329/675 (10, 1000, 0.1, 2, 6, 6.0, 10, 12, 0.05, 0.05, 0.5, 1.0): (0.0, 2.8) in 55.35s
330/675 (10, 1000, 0.1, 2, 6, 6.0, 10, 12, 0.05, 0.05, 0.5, 5.0): (0.0, 2.8333333333333335) in 53.86s
331/675 (10, 1000, 0.1, 2, 6, 6.0, 10, 12, 0.05, 0.05, 0.75, 0.2): (0.0, 2.9) in 49.15s
332/675 (10, 1000, 0.1, 2, 6, 6.0, 10, 12, 0.05, 0.05, 0.75, 1.0): (0.0, 2.933333333333333) in 48.62s
333/675 (10, 1000, 0.1, 2, 6, 6.0, 10, 12, 0.05, 0.05, 0.75, 5.0): (0.0, 2.7333333333333334) in 49.19s
334/675 (10, 1000, 0.1, 2, 6, 6.0, 10, 12, 0.05, 0.1, 0.2, 0.2): (0.0, 2.7) in 71.41s
335/675 (10, 1000, 0.1, 2, 6, 6.0, 10, 12, 0.05, 0.1, 0.2, 1.0): (0.0, 2.8) in 70.68s
336/675 (10, 1000, 0.1, 2, 6, 6.0, 10, 12, 0.05, 0.1, 0.2, 5.0): (0.0, 2.9) in 70.78s
337/675 (10, 1000, 0.1, 2, 6, 6.0, 10, 12, 0.05, 0.1, 0.5, 0.2): (0.0, 2.8666666666666667) in 56.10s
338/675 (10, 1000, 0.1, 2, 6, 6.0, 10, 12, 0.05, 0.1, 0.5, 1.0): (0.0, 2.7666666666666666) in 57.15s
339/675 (10, 1000, 0.1, 2, 6, 6.0, 10, 12, 0.05, 0.1, 0.5, 5.0): (0.0, 2.6666666666666665) in 56.08s
340/675 (10, 1000, 0.1, 2, 6, 6.0, 10, 12, 0.05, 0.1, 0.75, 0.2): (0.0, 2.8) in 51.61s
341/675 (10, 1000, 0.1, 2, 6, 6.0, 10, 12, 0.05, 0.1, 0.75, 1.0): (0.0, 2.6666666666666665) in 51.59s
342/675 (10, 1000, 0.1, 2, 6, 6.0, 10, 12, 0.05, 0.1, 0.75, 5.0): (0.0, 2.7333333333333334) in 52.11s
343/675 (10, 1000, 0.1, 2, 6, 6.0, 10, 12, 0.05, 0.3, 0.2, 0.2): (0.0, 2.7333333333333334) in 85.06s
344/675 (10, 1000, 0.1, 2, 6, 6.0, 10, 12, 0.05, 0.3, 0.2, 1.0): (0.0, 2.6666666666666665) in 86.68s
345/675 (10, 1000, 0.1, 2, 6, 6.0, 10, 12, 0.05, 0.3, 0.2, 5.0): (0.0, 3.0) in 90.24s
346/675 (10, 1000, 0.1, 2, 6, 6.0, 10, 12, 0.05, 0.3, 0.5, 0.2): (0.0, 2.6333333333333333) in 67.30s
347/675 (10, 1000, 0.1, 2, 6, 6.0, 10, 12, 0.05, 0.3, 0.5, 1.0): (0.0, 2.8) in 66.30s
348/675 (10, 1000, 0.1, 2, 6, 6.0, 10, 12, 0.05, 0.3, 0.5, 5.0): (0.0, 2.7333333333333334) in 67.93s
349/675 (10, 1000, 0.1, 2, 6, 6.0, 10, 12, 0.05, 0.3, 0.75, 0.2): (0.0, 2.8) in 61.36s
350/675 (10, 1000, 0.1, 2, 6, 6.0, 10, 12, 0.05, 0.3, 0.75, 1.0): (0.0, 2.8333333333333335) in 60.87s
351/675 (10, 1000, 0.1, 2, 6, 6.0, 10, 12, 0.05, 0.3, 0.75, 5.0): (0.0, 2.8) in 61.25s
352/675 (10, 1000, 0.1, 2, 6, 6.0, 10, 12, 0.05, 0.7, 0.2, 0.2): (0.0, 2.933333333333333) in 111.83s
353/675 (10, 1000, 0.1, 2, 6, 6.0, 10, 12, 0.05, 0.7, 0.2, 1.0): (0.0, 2.7666666666666666) in 111.20s
354/675 (10, 1000, 0.1, 2, 6, 6.0, 10, 12, 0.05, 0.7, 0.2, 5.0): (0.0, 2.7333333333333334) in 113.45s
355/675 (10, 1000, 0.1, 2, 6, 6.0, 10, 12, 0.05, 0.7, 0.5, 0.2): (0.0, 2.8666666666666667) in 89.63s
356/675 (10, 1000, 0.1, 2, 6, 6.0, 10, 12, 0.05, 0.7, 0.5, 1.0): (0.0, 2.9) in 87.47s
357/675 (10, 1000, 0.1, 2, 6, 6.0, 10, 12, 0.05, 0.7, 0.5, 5.0): (0.0, 2.7) in 85.64s
358/675 (10, 1000, 0.1, 2, 6, 6.0, 10, 12, 0.05, 0.7, 0.75, 0.2): (0.0, 2.7333333333333334) in 78.34s
359/675 (10, 1000, 0.1, 2, 6, 6.0, 10, 12, 0.05, 0.7, 0.75, 1.0): (0.0, 2.533333333333333) in 79.36s
360/675 (10, 1000, 0.1, 2, 6, 6.0, 10, 12, 0.05, 0.7, 0.75, 5.0): (0.0, 2.566666666666667) in 79.11s
361/675 (10, 1000, 0.1, 2, 6, 6.0, 10, 12, 0.1, 0.0, 0.2, 0.2): (0.0, 2.7) in 119.28s
362/675 (10, 1000, 0.1, 2, 6, 6.0, 10, 12, 0.1, 0.0, 0.2, 1.0): (0.0, 2.7666666666666666) in 121.82s
363/675 (10, 1000, 0.1, 2, 6, 6.0, 10, 12, 0.1, 0.0, 0.2, 5.0): (0.0, 2.8333333333333335) in 122.31s
364/675 (10, 1000, 0.1, 2, 6, 6.0, 10, 12, 0.1, 0.0, 0.5, 0.2): (0.0, 2.8) in 89.52s
365/675 (10, 1000, 0.1, 2, 6, 6.0, 10, 12, 0.1, 0.0, 0.5, 1.0): (0.0, 2.566666666666667) in 94.38s
366/675 (10, 1000, 0.1, 2, 6, 6.0, 10, 12, 0.1, 0.0, 0.5, 5.0): (0.0, 2.7) in 93.61s
367/675 (10, 1000, 0.1, 2, 6, 6.0, 10, 12, 0.1, 0.0, 0.75, 0.2): (0.0, 2.8666666666666667) in 81.51s
368/675 (10, 1000, 0.1, 2, 6, 6.0, 10, 12, 0.1, 0.0, 0.75, 1.0): (0.0, 2.8666666666666667) in 81.06s
369/675 (10, 1000, 0.1, 2, 6, 6.0, 10, 12, 0.1, 0.0, 0.75, 5.0): (0.0, 2.7) in 81.76s
370/675 (10, 1000, 0.1, 2, 6, 6.0, 10, 12, 0.1, 0.05, 0.2, 0.2): (0.0, 2.7666666666666666) in 126.02s
371/675 (10, 1000, 0.1, 2, 6, 6.0, 10, 12, 0.1, 0.05, 0.2, 1.0): (0.0, 2.6666666666666665) in 122.72s
372/675 (10, 1000, 0.1, 2, 6, 6.0, 10, 12, 0.1, 0.05, 0.2, 5.0): (0.005263157894736842, 2.8666666666666667) in 136.65s
373/675 (10, 1000, 0.1, 2, 6, 6.0, 10, 12, 0.1, 0.05, 0.5, 0.2): (0.0, 2.8333333333333335) in 93.25s
374/675 (10, 1000, 0.1, 2, 6, 6.0, 10, 12, 0.1, 0.05, 0.5, 1.0): (0.0, 2.7333333333333334) in 95.38s
375/675 (10, 1000, 0.1, 2, 6, 6.0, 10, 12, 0.1, 0.05, 0.5, 5.0): (0.0, 2.7) in 97.16s
376/675 (10, 1000, 0.1, 2, 6, 6.0, 10, 12, 0.1, 0.05, 0.75, 0.2): (0.0, 2.7) in 84.45s
377/675 (10, 1000, 0.1, 2, 6, 6.0, 10, 12, 0.1, 0.05, 0.75, 1.0): (0.0, 2.8666666666666667) in 83.59s
378/675 (10, 1000, 0.1, 2, 6, 6.0, 10, 12, 0.1, 0.05, 0.75, 5.0): (0.0, 2.9) in 85.23s
379/675 (10, 1000, 0.1, 2, 6, 6.0, 10, 12, 0.1, 0.1, 0.2, 0.2): (0.0, 2.7333333333333334) in 128.96s
380/675 (10, 1000, 0.1, 2, 6, 6.0, 10, 12, 0.1, 0.1, 0.2, 1.0): (0.0, 2.6666666666666665) in 128.22s
381/675 (10, 1000, 0.1, 2, 6, 6.0, 10, 12, 0.1, 0.1, 0.2, 5.0): (0.0, 2.9) in 129.23s
382/675 (10, 1000, 0.1, 2, 6, 6.0, 10, 12, 0.1, 0.1, 0.5, 0.2): (0.0, 2.8666666666666667) in 98.20s
383/675 (10, 1000, 0.1, 2, 6, 6.0, 10, 12, 0.1, 0.1, 0.5, 1.0): (0.0, 2.8666666666666667) in 98.96s
384/675 (10, 1000, 0.1, 2, 6, 6.0, 10, 12, 0.1, 0.1, 0.5, 5.0): (0.0, 2.8333333333333335) in 98.97s
385/675 (10, 1000, 0.1, 2, 6, 6.0, 10, 12, 0.1, 0.1, 0.75, 0.2): (0.0, 2.7333333333333334) in 88.13s
386/675 (10, 1000, 0.1, 2, 6, 6.0, 10, 12, 0.1, 0.1, 0.75, 1.0): (0.0, 2.933333333333333) in 87.95s
387/675 (10, 1000, 0.1, 2, 6, 6.0, 10, 12, 0.1, 0.1, 0.75, 5.0): (0.0, 2.6666666666666665) in 87.40s
388/675 (10, 1000, 0.1, 2, 6, 6.0, 10, 12, 0.1, 0.3, 0.2, 0.2): (0.0, 2.6666666666666665) in 150.33s
389/675 (10, 1000, 0.1, 2, 6, 6.0, 10, 12, 0.1, 0.3, 0.2, 1.0): (0.0, 2.6333333333333333) in 143.97s
390/675 (10, 1000, 0.1, 2, 6, 6.0, 10, 12, 0.1, 0.3, 0.2, 5.0): (0.005128205128205128, 2.9) in 146.63s
391/675 (10, 1000, 0.1, 2, 6, 6.0, 10, 12, 0.1, 0.3, 0.5, 0.2): (0.0, 2.8) in 110.78s
392/675 (10, 1000, 0.1, 2, 6, 6.0, 10, 12, 0.1, 0.3, 0.5, 1.0): (0.0, 2.933333333333333) in 110.60s
393/675 (10, 1000, 0.1, 2, 6, 6.0, 10, 12, 0.1, 0.3, 0.5, 5.0): (0.0, 2.7) in 111.19s
394/675 (10, 1000, 0.1, 2, 6, 6.0, 10, 12, 0.1, 0.3, 0.75, 0.2): (0.0, 2.8333333333333335) in 99.36s
395/675 (10, 1000, 0.1, 2, 6, 6.0, 10, 12, 0.1, 0.3, 0.75, 1.0): (0.0, 2.8) in 100.91s
396/675 (10, 1000, 0.1, 2, 6, 6.0, 10, 12, 0.1, 0.3, 0.75, 5.0): (0.0, 2.7333333333333334) in 102.29s
397/675 (10, 1000, 0.1, 2, 6, 6.0, 10, 12, 0.1, 0.7, 0.2, 0.2): (0.0, 2.6) in 182.66s
398/675 (10, 1000, 0.1, 2, 6, 6.0, 10, 12, 0.1, 0.7, 0.2, 1.0): (0.0, 2.933333333333333) in 176.78s
399/675 (10, 1000, 0.1, 2, 6, 6.0, 10, 12, 0.1, 0.7, 0.2, 5.0): (0.0, 2.9) in 180.01s
400/675 (10, 1000, 0.1, 2, 6, 6.0, 10, 12, 0.1, 0.7, 0.5, 0.2): (0.0, 2.7666666666666666) in 136.49s
401/675 (10, 1000, 0.1, 2, 6, 6.0, 10, 12, 0.1, 0.7, 0.5, 1.0): (0.0, 2.933333333333333) in 136.06s
402/675 (10, 1000, 0.1, 2, 6, 6.0, 10, 12, 0.1, 0.7, 0.5, 5.0): (0.0, 2.933333333333333) in 134.77s
403/675 (10, 1000, 0.1, 2, 6, 6.0, 10, 12, 0.1, 0.7, 0.75, 0.2): (0.0, 2.8666666666666667) in 121.30s
404/675 (10, 1000, 0.1, 2, 6, 6.0, 10, 12, 0.1, 0.7, 0.75, 1.0): (0.0, 2.7666666666666666) in 120.92s
405/675 (10, 1000, 0.1, 2, 6, 6.0, 10, 12, 0.1, 0.7, 0.75, 5.0): (0.0, 2.8333333333333335) in 119.74s
406/675 (10, 1000, 0.1, 2, 6, 6.0, 10, 12, 0.5, 0.0, 0.2, 0.2): (0.0, 2.8666666666666667) in 303.76s
407/675 (10, 1000, 0.1, 2, 6, 6.0, 10, 12, 0.5, 0.0, 0.2, 1.0): (0.006711947266133719, 3.3) in 347.25s
408/675 (10, 1000, 0.1, 2, 6, 6.0, 10, 12, 0.5, 0.0, 0.2, 5.0): (0.011655106759145929, 3.1) in 531.35s
409/675 (10, 1000, 0.1, 2, 6, 6.0, 10, 12, 0.5, 0.0, 0.5, 0.2): (0.0013888888888888887, 3.0) in 399.86s
410/675 (10, 1000, 0.1, 2, 6, 6.0, 10, 12, 0.5, 0.0, 0.5, 1.0): (0.003640661938534279, 3.2333333333333334) in 407.47s
411/675 (10, 1000, 0.1, 2, 6, 6.0, 10, 12, 0.5, 0.0, 0.5, 5.0): (0.0, 2.8) in 394.10s
412/675 (10, 1000, 0.1, 2, 6, 6.0, 10, 12, 0.5, 0.0, 0.75, 0.2): (0.0028368794326241132, 2.8666666666666667) in 433.83s
413/675 (10, 1000, 0.1, 2, 6, 6.0, 10, 12, 0.5, 0.0, 0.75, 1.0): (0.0, 2.7666666666666666) in 442.99s
414/675 (10, 1000, 0.1, 2, 6, 6.0, 10, 12, 0.5, 0.0, 0.75, 5.0): (0.0056737588652482265, 3.1666666666666665) in 497.98s
415/675 (10, 1000, 0.1, 2, 6, 6.0, 10, 12, 0.5, 0.05, 0.2, 0.2): (0.0009389671361502347, 3.066666666666667) in 321.64s
416/675 (10, 1000, 0.1, 2, 6, 6.0, 10, 12, 0.5, 0.05, 0.2, 1.0): (0.0, 2.8666666666666667) in 308.98s
417/675 (10, 1000, 0.1, 2, 6, 6.0, 10, 12, 0.5, 0.05, 0.2, 5.0): (0.0, 2.7) in 314.03s
418/675 (10, 1000, 0.1, 2, 6, 6.0, 10, 12, 0.5, 0.05, 0.5, 0.2): (0.002185792349726776, 2.9) in 411.67s
419/675 (10, 1000, 0.1, 2, 6, 6.0, 10, 12, 0.5, 0.05, 0.5, 1.0): (0.003648424543946932, 3.1666666666666665) in 401.43s
420/675 (10, 1000, 0.1, 2, 6, 6.0, 10, 12, 0.5, 0.05, 0.5, 5.0): (0.0, 2.6666666666666665) in 404.90s
421/675 (10, 1000, 0.1, 2, 6, 6.0, 10, 12, 0.5, 0.05, 0.75, 0.2): (0.0028368794326241132, 3.2666666666666666) in 434.18s
422/675 (10, 1000, 0.1, 2, 6, 6.0, 10, 12, 0.5, 0.05, 0.75, 1.0): (0.0015151515151515152, 2.7333333333333334) in 438.88s
423/675 (10, 1000, 0.1, 2, 6, 6.0, 10, 12, 0.5, 0.05, 0.75, 5.0): (0.0, 2.7666666666666666) in 437.29s
424/675 (10, 1000, 0.1, 2, 6, 6.0, 10, 12, 0.5, 0.1, 0.2, 0.2): (0.0006172839506172839, 2.8) in 310.39s
425/675 (10, 1000, 0.1, 2, 6, 6.0, 10, 12, 0.5, 0.1, 0.2, 1.0): (0.0, 2.6666666666666665) in 315.52s
426/675 (10, 1000, 0.1, 2, 6, 6.0, 10, 12, 0.5, 0.1, 0.2, 5.0): (0.0043895747599451305, 3.0) in 333.68s
427/675 (10, 1000, 0.1, 2, 6, 6.0, 10, 12, 0.5, 0.1, 0.5, 0.2): (0.0, 2.933333333333333) in 408.20s
428/675 (10, 1000, 0.1, 2, 6, 6.0, 10, 12, 0.5, 0.1, 0.5, 1.0): (0.0, 2.966666666666667) in 410.99s
429/675 (10, 1000, 0.1, 2, 6, 6.0, 10, 12, 0.5, 0.1, 0.5, 5.0): (0.0, 2.6333333333333333) in 408.36s
430/675 (10, 1000, 0.1, 2, 6, 6.0, 10, 12, 0.5, 0.1, 0.75, 0.2): (0.0017316017316017318, 2.7333333333333334) in 446.77s
431/675 (10, 1000, 0.1, 2, 6, 6.0, 10, 12, 0.5, 0.1, 0.75, 1.0): (0.0008771929824561403, 2.966666666666667) in 448.88s
432/675 (10, 1000, 0.1, 2, 6, 6.0, 10, 12, 0.5, 0.1, 0.75, 5.0): (0.0, 2.6) in 461.49s
433/675 (10, 1000, 0.1, 2, 6, 6.0, 10, 12, 0.5, 0.3, 0.2, 0.2): (0.0, 3.0) in 327.80s
434/675 (10, 1000, 0.1, 2, 6, 6.0, 10, 12, 0.5, 0.3, 0.2, 1.0): (0.0, 2.8666666666666667) in 332.74s
435/675 (10, 1000, 0.1, 2, 6, 6.0, 10, 12, 0.5, 0.3, 0.2, 5.0): (0.0, 2.8) in 340.38s
436/675 (10, 1000, 0.1, 2, 6, 6.0, 10, 12, 0.5, 0.3, 0.5, 0.2): (0.002315462315462315, 3.033333333333333) in 421.29s
437/675 (10, 1000, 0.1, 2, 6, 6.0, 10, 12, 0.5, 0.3, 0.5, 1.0): (0.000749063670411985, 2.9) in 420.46s
438/675 (10, 1000, 0.1, 2, 6, 6.0, 10, 12, 0.5, 0.3, 0.5, 5.0): (0.005479452054794521, 3.1333333333333333) in 420.55s
439/675 (10, 1000, 0.1, 2, 6, 6.0, 10, 12, 0.5, 0.3, 0.75, 0.2): (0.0, 2.8666666666666667) in 464.45s
440/675 (10, 1000, 0.1, 2, 6, 6.0, 10, 12, 0.5, 0.3, 0.75, 1.0): (0.003441003441003441, 2.933333333333333) in 459.40s
441/675 (10, 1000, 0.1, 2, 6, 6.0, 10, 12, 0.5, 0.3, 0.75, 5.0): (0.0, 2.8) in 458.09s
442/675 (10, 1000, 0.1, 2, 6, 6.0, 10, 12, 0.5, 0.7, 0.2, 0.2): (0.0, 2.8666666666666667) in 350.54s
443/675 (10, 1000, 0.1, 2, 6, 6.0, 10, 12, 0.5, 0.7, 0.2, 1.0): (0.0, 2.7666666666666666) in 347.92s
444/675 (10, 1000, 0.1, 2, 6, 6.0, 10, 12, 0.5, 0.7, 0.2, 5.0): (0.0, 2.8666666666666667) in 340.52s
445/675 (10, 1000, 0.1, 2, 6, 6.0, 10, 12, 0.5, 0.7, 0.5, 0.2): (0.0, 2.7) in 446.52s
446/675 (10, 1000, 0.1, 2, 6, 6.0, 10, 12, 0.5, 0.7, 0.5, 1.0): (0.002098765432098766, 3.1) in 437.79s
447/675 (10, 1000, 0.1, 2, 6, 6.0, 10, 12, 0.5, 0.7, 0.5, 5.0): (0.008333333333333333, 2.8333333333333335) in 445.95s
448/675 (10, 1000, 0.1, 2, 6, 6.0, 10, 12, 0.5, 0.7, 0.75, 0.2): (0.0, 2.8) in 478.93s
449/675 (10, 1000, 0.1, 2, 6, 6.0, 10, 12, 0.5, 0.7, 0.75, 1.0): (0.0, 2.8) in 474.73s
450/675 (10, 1000, 0.1, 2, 6, 6.0, 10, 12, 0.5, 0.7, 0.75, 5.0): (0.0, 2.8333333333333335) in 477.74s
451/675 (10, 1000, 0.1, 2, 6, 10.0, 10, 12, 0.0, 0.0, 0.2, 0.2): (0.0, 2.8333333333333335) in 13.61s
452/675 (10, 1000, 0.1, 2, 6, 10.0, 10, 12, 0.0, 0.0, 0.2, 1.0): (0.0, 2.8666666666666667) in 13.84s
453/675 (10, 1000, 0.1, 2, 6, 10.0, 10, 12, 0.0, 0.0, 0.2, 5.0): (0.0, 2.7) in 12.93s
454/675 (10, 1000, 0.1, 2, 6, 10.0, 10, 12, 0.0, 0.0, 0.5, 0.2): (0.0, 2.6333333333333333) in 12.70s
455/675 (10, 1000, 0.1, 2, 6, 10.0, 10, 12, 0.0, 0.0, 0.5, 1.0): (0.0, 2.6) in 12.61s
456/675 (10, 1000, 0.1, 2, 6, 10.0, 10, 12, 0.0, 0.0, 0.5, 5.0): (0.0, 2.933333333333333) in 12.63s
457/675 (10, 1000, 0.1, 2, 6, 10.0, 10, 12, 0.0, 0.0, 0.75, 0.2): (0.0, 2.7333333333333334) in 12.35s
458/675 (10, 1000, 0.1, 2, 6, 10.0, 10, 12, 0.0, 0.0, 0.75, 1.0): (0.0, 2.7666666666666666) in 12.46s
459/675 (10, 1000, 0.1, 2, 6, 10.0, 10, 12, 0.0, 0.0, 0.75, 5.0): (0.0, 2.8333333333333335) in 12.34s
460/675 (10, 1000, 0.1, 2, 6, 10.0, 10, 12, 0.0, 0.05, 0.2, 0.2): (0.0, 2.8) in 14.60s
461/675 (10, 1000, 0.1, 2, 6, 10.0, 10, 12, 0.0, 0.05, 0.2, 1.0): (0.0, 2.7) in 15.07s
462/675 (10, 1000, 0.1, 2, 6, 10.0, 10, 12, 0.0, 0.05, 0.2, 5.0): (0.0, 2.6666666666666665) in 15.34s
463/675 (10, 1000, 0.1, 2, 6, 10.0, 10, 12, 0.0, 0.05, 0.5, 0.2): (0.0, 2.933333333333333) in 13.43s
464/675 (10, 1000, 0.1, 2, 6, 10.0, 10, 12, 0.0, 0.05, 0.5, 1.0): (0.0, 2.7333333333333334) in 12.88s
465/675 (10, 1000, 0.1, 2, 6, 10.0, 10, 12, 0.0, 0.05, 0.5, 5.0): (0.0, 2.7333333333333334) in 13.15s
466/675 (10, 1000, 0.1, 2, 6, 10.0, 10, 12, 0.0, 0.05, 0.75, 0.2): (0.0, 2.8333333333333335) in 12.59s
467/675 (10, 1000, 0.1, 2, 6, 10.0, 10, 12, 0.0, 0.05, 0.75, 1.0): (0.0, 2.9) in 13.16s
468/675 (10, 1000, 0.1, 2, 6, 10.0, 10, 12, 0.0, 0.05, 0.75, 5.0): (0.0, 2.7666666666666666) in 12.78s
469/675 (10, 1000, 0.1, 2, 6, 10.0, 10, 12, 0.0, 0.1, 0.2, 0.2): (0.0, 2.8) in 15.21s
470/675 (10, 1000, 0.1, 2, 6, 10.0, 10, 12, 0.0, 0.1, 0.2, 1.0): (0.0, 2.933333333333333) in 17.88s
471/675 (10, 1000, 0.1, 2, 6, 10.0, 10, 12, 0.0, 0.1, 0.2, 5.0): (0.0, 2.8666666666666667) in 14.25s
472/675 (10, 1000, 0.1, 2, 6, 10.0, 10, 12, 0.0, 0.1, 0.5, 0.2): (0.0, 2.8) in 13.12s
473/675 (10, 1000, 0.1, 2, 6, 10.0, 10, 12, 0.0, 0.1, 0.5, 1.0): (0.0, 2.7666666666666666) in 13.42s
474/675 (10, 1000, 0.1, 2, 6, 10.0, 10, 12, 0.0, 0.1, 0.5, 5.0): (0.0, 2.6333333333333333) in 13.64s
475/675 (10, 1000, 0.1, 2, 6, 10.0, 10, 12, 0.0, 0.1, 0.75, 0.2): (0.0, 2.7333333333333334) in 13.34s
476/675 (10, 1000, 0.1, 2, 6, 10.0, 10, 12, 0.0, 0.1, 0.75, 1.0): (0.0, 2.8666666666666667) in 13.18s
477/675 (10, 1000, 0.1, 2, 6, 10.0, 10, 12, 0.0, 0.1, 0.75, 5.0): (0.0, 2.8) in 12.99s
478/675 (10, 1000, 0.1, 2, 6, 10.0, 10, 12, 0.0, 0.3, 0.2, 0.2): (0.0, 2.8333333333333335) in 16.92s
479/675 (10, 1000, 0.1, 2, 6, 10.0, 10, 12, 0.0, 0.3, 0.2, 1.0): (0.0, 2.7333333333333334) in 18.05s
480/675 (10, 1000, 0.1, 2, 6, 10.0, 10, 12, 0.0, 0.3, 0.2, 5.0): (0.0, 2.7) in 16.62s
481/675 (10, 1000, 0.1, 2, 6, 10.0, 10, 12, 0.0, 0.3, 0.5, 0.2): (0.0, 2.8333333333333335) in 14.57s
482/675 (10, 1000, 0.1, 2, 6, 10.0, 10, 12, 0.0, 0.3, 0.5, 1.0): (0.0, 2.933333333333333) in 15.38s
483/675 (10, 1000, 0.1, 2, 6, 10.0, 10, 12, 0.0, 0.3, 0.5, 5.0): (0.0, 2.7666666666666666) in 14.73s
484/675 (10, 1000, 0.1, 2, 6, 10.0, 10, 12, 0.0, 0.3, 0.75, 0.2): (0.0, 2.7666666666666666) in 13.87s
485/675 (10, 1000, 0.1, 2, 6, 10.0, 10, 12, 0.0, 0.3, 0.75, 1.0): (0.0, 2.6) in 13.75s
486/675 (10, 1000, 0.1, 2, 6, 10.0, 10, 12, 0.0, 0.3, 0.75, 5.0): (0.0, 2.8) in 13.93s
487/675 (10, 1000, 0.1, 2, 6, 10.0, 10, 12, 0.0, 0.7, 0.2, 0.2): (0.0, 2.7333333333333334) in 18.50s
488/675 (10, 1000, 0.1, 2, 6, 10.0, 10, 12, 0.0, 0.7, 0.2, 1.0): (0.0, 2.7666666666666666) in 19.82s
489/675 (10, 1000, 0.1, 2, 6, 10.0, 10, 12, 0.0, 0.7, 0.2, 5.0): (0.01045751633986928, 3.0) in 65.71s
490/675 (10, 1000, 0.1, 2, 6, 10.0, 10, 12, 0.0, 0.7, 0.5, 0.2): (0.0, 2.7333333333333334) in 15.76s
491/675 (10, 1000, 0.1, 2, 6, 10.0, 10, 12, 0.0, 0.7, 0.5, 1.0): (0.0, 2.8333333333333335) in 15.79s
492/675 (10, 1000, 0.1, 2, 6, 10.0, 10, 12, 0.0, 0.7, 0.5, 5.0): (0.0, 2.7666666666666666) in 15.94s
493/675 (10, 1000, 0.1, 2, 6, 10.0, 10, 12, 0.0, 0.7, 0.75, 0.2): (0.0, 2.8) in 15.12s
494/675 (10, 1000, 0.1, 2, 6, 10.0, 10, 12, 0.0, 0.7, 0.75, 1.0): (0.0, 2.8) in 15.59s
495/675 (10, 1000, 0.1, 2, 6, 10.0, 10, 12, 0.0, 0.7, 0.75, 5.0): (0.0, 2.8666666666666667) in 15.26s
496/675 (10, 1000, 0.1, 2, 6, 10.0, 10, 12, 0.02, 0.0, 0.2, 0.2): (0.0, 2.7666666666666666) in 32.46s
497/675 (10, 1000, 0.1, 2, 6, 10.0, 10, 12, 0.02, 0.0, 0.2, 1.0): (0.0, 2.7666666666666666) in 33.75s
498/675 (10, 1000, 0.1, 2, 6, 10.0, 10, 12, 0.02, 0.0, 0.2, 5.0): (0.0, 2.9) in 32.63s
499/675 (10, 1000, 0.1, 2, 6, 10.0, 10, 12, 0.02, 0.0, 0.5, 0.2): (0.0, 2.8666666666666667) in 28.36s
500/675 (10, 1000, 0.1, 2, 6, 10.0, 10, 12, 0.02, 0.0, 0.5, 1.0): (0.0, 2.6333333333333333) in 27.74s
501/675 (10, 1000, 0.1, 2, 6, 10.0, 10, 12, 0.02, 0.0, 0.5, 5.0): (0.0, 2.8333333333333335) in 27.99s
502/675 (10, 1000, 0.1, 2, 6, 10.0, 10, 12, 0.02, 0.0, 0.75, 0.2): (0.0, 2.7333333333333334) in 26.64s
503/675 (10, 1000, 0.1, 2, 6, 10.0, 10, 12, 0.02, 0.0, 0.75, 1.0): (0.0, 2.8666666666666667) in 26.02s
504/675 (10, 1000, 0.1, 2, 6, 10.0, 10, 12, 0.02, 0.0, 0.75, 5.0): (0.0, 2.6333333333333333) in 26.37s
505/675 (10, 1000, 0.1, 2, 6, 10.0, 10, 12, 0.02, 0.05, 0.2, 0.2): (0.0, 2.8666666666666667) in 36.78s
506/675 (10, 1000, 0.1, 2, 6, 10.0, 10, 12, 0.02, 0.05, 0.2, 1.0): (0.0, 2.9) in 38.00s
507/675 (10, 1000, 0.1, 2, 6, 10.0, 10, 12, 0.02, 0.05, 0.2, 5.0): (0.0, 2.8333333333333335) in 35.83s
508/675 (10, 1000, 0.1, 2, 6, 10.0, 10, 12, 0.02, 0.05, 0.5, 0.2): (0.0, 2.533333333333333) in 31.88s
509/675 (10, 1000, 0.1, 2, 6, 10.0, 10, 12, 0.02, 0.05, 0.5, 1.0): (0.0, 2.7) in 30.29s
510/675 (10, 1000, 0.1, 2, 6, 10.0, 10, 12, 0.02, 0.05, 0.5, 5.0): (0.0, 2.466666666666667) in 30.50s
511/675 (10, 1000, 0.1, 2, 6, 10.0, 10, 12, 0.02, 0.05, 0.75, 0.2): (0.0, 2.8666666666666667) in 29.92s
512/675 (10, 1000, 0.1, 2, 6, 10.0, 10, 12, 0.02, 0.05, 0.75, 1.0): (0.0, 2.7666666666666666) in 30.45s
513/675 (10, 1000, 0.1, 2, 6, 10.0, 10, 12, 0.02, 0.05, 0.75, 5.0): (0.0, 2.8666666666666667) in 28.27s
514/675 (10, 1000, 0.1, 2, 6, 10.0, 10, 12, 0.02, 0.1, 0.2, 0.2): (0.0, 2.7333333333333334) in 41.29s
515/675 (10, 1000, 0.1, 2, 6, 10.0, 10, 12, 0.02, 0.1, 0.2, 1.0): (0.0, 2.7) in 39.32s
516/675 (10, 1000, 0.1, 2, 6, 10.0, 10, 12, 0.02, 0.1, 0.2, 5.0): (0.0, 2.6666666666666665) in 41.78s
517/675 (10, 1000, 0.1, 2, 6, 10.0, 10, 12, 0.02, 0.1, 0.5, 0.2): (0.0, 2.8333333333333335) in 34.58s
518/675 (10, 1000, 0.1, 2, 6, 10.0, 10, 12, 0.02, 0.1, 0.5, 1.0): (0.0, 2.7) in 32.72s
519/675 (10, 1000, 0.1, 2, 6, 10.0, 10, 12, 0.02, 0.1, 0.5, 5.0): (0.0, 3.0) in 32.28s
520/675 (10, 1000, 0.1, 2, 6, 10.0, 10, 12, 0.02, 0.1, 0.75, 0.2): (0.0, 2.9) in 30.72s
521/675 (10, 1000, 0.1, 2, 6, 10.0, 10, 12, 0.02, 0.1, 0.75, 1.0): (0.0, 2.933333333333333) in 31.08s
522/675 (10, 1000, 0.1, 2, 6, 10.0, 10, 12, 0.02, 0.1, 0.75, 5.0): (0.0, 2.6) in 31.17s
523/675 (10, 1000, 0.1, 2, 6, 10.0, 10, 12, 0.02, 0.3, 0.2, 0.2): (0.0, 2.6) in 50.63s
524/675 (10, 1000, 0.1, 2, 6, 10.0, 10, 12, 0.02, 0.3, 0.2, 1.0): (0.0, 2.7666666666666666) in 49.23s
525/675 (10, 1000, 0.1, 2, 6, 10.0, 10, 12, 0.02, 0.3, 0.2, 5.0): (0.0, 2.8666666666666667) in 49.93s
526/675 (10, 1000, 0.1, 2, 6, 10.0, 10, 12, 0.02, 0.3, 0.5, 0.2): (0.0, 2.8666666666666667) in 41.26s
527/675 (10, 1000, 0.1, 2, 6, 10.0, 10, 12, 0.02, 0.3, 0.5, 1.0): (0.0, 2.9) in 40.39s
528/675 (10, 1000, 0.1, 2, 6, 10.0, 10, 12, 0.02, 0.3, 0.5, 5.0): (0.0, 2.8333333333333335) in 42.79s
529/675 (10, 1000, 0.1, 2, 6, 10.0, 10, 12, 0.02, 0.3, 0.75, 0.2): (0.0, 2.8666666666666667) in 37.78s
530/675 (10, 1000, 0.1, 2, 6, 10.0, 10, 12, 0.02, 0.3, 0.75, 1.0): (0.0, 2.7333333333333334) in 37.70s
531/675 (10, 1000, 0.1, 2, 6, 10.0, 10, 12, 0.02, 0.3, 0.75, 5.0): (0.0, 2.8333333333333335) in 36.61s
532/675 (10, 1000, 0.1, 2, 6, 10.0, 10, 12, 0.02, 0.7, 0.2, 0.2): (0.0, 2.7333333333333334) in 66.23s
533/675 (10, 1000, 0.1, 2, 6, 10.0, 10, 12, 0.02, 0.7, 0.2, 1.0): (0.0, 2.8) in 68.63s
534/675 (10, 1000, 0.1, 2, 6, 10.0, 10, 12, 0.02, 0.7, 0.2, 5.0): (0.0, 2.7333333333333334) in 68.36s
535/675 (10, 1000, 0.1, 2, 6, 10.0, 10, 12, 0.02, 0.7, 0.5, 0.2): (0.0, 2.9) in 52.98s
536/675 (10, 1000, 0.1, 2, 6, 10.0, 10, 12, 0.02, 0.7, 0.5, 1.0): (0.0, 2.7) in 53.56s
537/675 (10, 1000, 0.1, 2, 6, 10.0, 10, 12, 0.02, 0.7, 0.5, 5.0): (0.0, 2.7333333333333334) in 54.02s
538/675 (10, 1000, 0.1, 2, 6, 10.0, 10, 12, 0.02, 0.7, 0.75, 0.2): (0.0, 2.7333333333333334) in 46.96s
539/675 (10, 1000, 0.1, 2, 6, 10.0, 10, 12, 0.02, 0.7, 0.75, 1.0): (0.0, 2.8666666666666667) in 48.37s
540/675 (10, 1000, 0.1, 2, 6, 10.0, 10, 12, 0.02, 0.7, 0.75, 5.0): (0.0, 2.7333333333333334) in 47.77s
541/675 (10, 1000, 0.1, 2, 6, 10.0, 10, 12, 0.05, 0.0, 0.2, 0.2): (0.0, 2.6333333333333333) in 62.43s
542/675 (10, 1000, 0.1, 2, 6, 10.0, 10, 12, 0.05, 0.0, 0.2, 1.0): (0.0, 2.6666666666666665) in 68.22s
543/675 (10, 1000, 0.1, 2, 6, 10.0, 10, 12, 0.05, 0.0, 0.2, 5.0): (0.0, 2.7333333333333334) in 63.21s
544/675 (10, 1000, 0.1, 2, 6, 10.0, 10, 12, 0.05, 0.0, 0.5, 0.2): (0.0, 2.6666666666666665) in 51.37s
545/675 (10, 1000, 0.1, 2, 6, 10.0, 10, 12, 0.05, 0.0, 0.5, 1.0): (0.0, 2.8333333333333335) in 51.06s
546/675 (10, 1000, 0.1, 2, 6, 10.0, 10, 12, 0.05, 0.0, 0.5, 5.0): (0.0, 2.8666666666666667) in 54.97s
547/675 (10, 1000, 0.1, 2, 6, 10.0, 10, 12, 0.05, 0.0, 0.75, 0.2): (0.0, 2.7) in 46.97s
548/675 (10, 1000, 0.1, 2, 6, 10.0, 10, 12, 0.05, 0.0, 0.75, 1.0): (0.0, 2.7) in 47.35s
549/675 (10, 1000, 0.1, 2, 6, 10.0, 10, 12, 0.05, 0.0, 0.75, 5.0): (0.0, 2.7) in 47.26s
550/675 (10, 1000, 0.1, 2, 6, 10.0, 10, 12, 0.05, 0.05, 0.2, 0.2): (0.0, 2.8) in 67.34s
551/675 (10, 1000, 0.1, 2, 6, 10.0, 10, 12, 0.05, 0.05, 0.2, 1.0): (0.0, 2.7333333333333334) in 68.83s
552/675 (10, 1000, 0.1, 2, 6, 10.0, 10, 12, 0.05, 0.05, 0.2, 5.0): (0.0, 2.8666666666666667) in 70.11s
553/675 (10, 1000, 0.1, 2, 6, 10.0, 10, 12, 0.05, 0.05, 0.5, 0.2): (0.0, 2.8666666666666667) in 54.86s
554/675 (10, 1000, 0.1, 2, 6, 10.0, 10, 12, 0.05, 0.05, 0.5, 1.0): (0.0, 2.7666666666666666) in 53.96s
555/675 (10, 1000, 0.1, 2, 6, 10.0, 10, 12, 0.05, 0.05, 0.5, 5.0): (0.0, 2.533333333333333) in 56.39s
556/675 (10, 1000, 0.1, 2, 6, 10.0, 10, 12, 0.05, 0.05, 0.75, 0.2): (0.0, 2.7) in 51.28s
557/675 (10, 1000, 0.1, 2, 6, 10.0, 10, 12, 0.05, 0.05, 0.75, 1.0): (0.0, 2.6333333333333333) in 49.86s
558/675 (10, 1000, 0.1, 2, 6, 10.0, 10, 12, 0.05, 0.05, 0.75, 5.0): (0.0, 2.6333333333333333) in 50.87s
559/675 (10, 1000, 0.1, 2, 6, 10.0, 10, 12, 0.05, 0.1, 0.2, 0.2): (0.0, 2.6666666666666665) in 72.92s
560/675 (10, 1000, 0.1, 2, 6, 10.0, 10, 12, 0.05, 0.1, 0.2, 1.0): (0.0, 2.7666666666666666) in 75.57s
561/675 (10, 1000, 0.1, 2, 6, 10.0, 10, 12, 0.05, 0.1, 0.2, 5.0): (0.0, 2.7) in 73.32s
562/675 (10, 1000, 0.1, 2, 6, 10.0, 10, 12, 0.05, 0.1, 0.5, 0.2): (0.0, 2.8333333333333335) in 58.51s
563/675 (10, 1000, 0.1, 2, 6, 10.0, 10, 12, 0.05, 0.1, 0.5, 1.0): (0.0, 2.933333333333333) in 56.85s
564/675 (10, 1000, 0.1, 2, 6, 10.0, 10, 12, 0.05, 0.1, 0.5, 5.0): (0.0, 3.0) in 56.62s
565/675 (10, 1000, 0.1, 2, 6, 10.0, 10, 12, 0.05, 0.1, 0.75, 0.2): (0.0, 2.7333333333333334) in 52.69s
566/675 (10, 1000, 0.1, 2, 6, 10.0, 10, 12, 0.05, 0.1, 0.75, 1.0): (0.0, 2.7666666666666666) in 52.91s
567/675 (10, 1000, 0.1, 2, 6, 10.0, 10, 12, 0.05, 0.1, 0.75, 5.0): (0.0, 2.7666666666666666) in 53.42s
568/675 (10, 1000, 0.1, 2, 6, 10.0, 10, 12, 0.05, 0.3, 0.2, 0.2): (0.0, 2.8) in 85.03s
569/675 (10, 1000, 0.1, 2, 6, 10.0, 10, 12, 0.05, 0.3, 0.2, 1.0): (0.0, 2.7333333333333334) in 85.82s
570/675 (10, 1000, 0.1, 2, 6, 10.0, 10, 12, 0.05, 0.3, 0.2, 5.0): (0.0, 2.8) in 88.29s
571/675 (10, 1000, 0.1, 2, 6, 10.0, 10, 12, 0.05, 0.3, 0.5, 0.2): (0.0, 2.7) in 70.13s
572/675 (10, 1000, 0.1, 2, 6, 10.0, 10, 12, 0.05, 0.3, 0.5, 1.0): (0.0, 2.8333333333333335) in 70.53s
573/675 (10, 1000, 0.1, 2, 6, 10.0, 10, 12, 0.05, 0.3, 0.5, 5.0): (0.0, 2.7333333333333334) in 70.59s
574/675 (10, 1000, 0.1, 2, 6, 10.0, 10, 12, 0.05, 0.3, 0.75, 0.2): (0.0, 2.8333333333333335) in 61.56s
575/675 (10, 1000, 0.1, 2, 6, 10.0, 10, 12, 0.05, 0.3, 0.75, 1.0): (0.0, 2.8) in 61.64s
576/675 (10, 1000, 0.1, 2, 6, 10.0, 10, 12, 0.05, 0.3, 0.75, 5.0): (0.0, 2.933333333333333) in 61.91s
577/675 (10, 1000, 0.1, 2, 6, 10.0, 10, 12, 0.05, 0.7, 0.2, 0.2): (0.0, 2.6) in 110.20s
578/675 (10, 1000, 0.1, 2, 6, 10.0, 10, 12, 0.05, 0.7, 0.2, 1.0): (0.0, 2.7) in 112.29s
579/675 (10, 1000, 0.1, 2, 6, 10.0, 10, 12, 0.05, 0.7, 0.2, 5.0): (0.0, 2.6666666666666665) in 112.16s
580/675 (10, 1000, 0.1, 2, 6, 10.0, 10, 12, 0.05, 0.7, 0.5, 0.2): (0.0, 2.933333333333333) in 87.86s
581/675 (10, 1000, 0.1, 2, 6, 10.0, 10, 12, 0.05, 0.7, 0.5, 1.0): (0.0, 2.933333333333333) in 87.46s
582/675 (10, 1000, 0.1, 2, 6, 10.0, 10, 12, 0.05, 0.7, 0.5, 5.0): (0.0, 2.6666666666666665) in 86.85s
583/675 (10, 1000, 0.1, 2, 6, 10.0, 10, 12, 0.05, 0.7, 0.75, 0.2): (0.0, 2.6) in 78.59s
584/675 (10, 1000, 0.1, 2, 6, 10.0, 10, 12, 0.05, 0.7, 0.75, 1.0): (0.0, 2.933333333333333) in 79.86s
585/675 (10, 1000, 0.1, 2, 6, 10.0, 10, 12, 0.05, 0.7, 0.75, 5.0): (0.0, 2.7666666666666666) in 79.75s
586/675 (10, 1000, 0.1, 2, 6, 10.0, 10, 12, 0.1, 0.0, 0.2, 0.2): (0.0, 2.933333333333333) in 119.69s
587/675 (10, 1000, 0.1, 2, 6, 10.0, 10, 12, 0.1, 0.0, 0.2, 1.0): (0.005797101449275362, 3.0) in 161.21s
588/675 (10, 1000, 0.1, 2, 6, 10.0, 10, 12, 0.1, 0.0, 0.2, 5.0): (0.0, 2.6) in 119.41s
589/675 (10, 1000, 0.1, 2, 6, 10.0, 10, 12, 0.1, 0.0, 0.5, 0.2): (0.0, 2.9) in 95.15s
590/675 (10, 1000, 0.1, 2, 6, 10.0, 10, 12, 0.1, 0.0, 0.5, 1.0): (0.0, 2.7333333333333334) in 90.82s
591/675 (10, 1000, 0.1, 2, 6, 10.0, 10, 12, 0.1, 0.0, 0.5, 5.0): (0.0, 2.7333333333333334) in 90.40s
592/675 (10, 1000, 0.1, 2, 6, 10.0, 10, 12, 0.1, 0.0, 0.75, 0.2): (0.0, 3.0) in 82.68s
593/675 (10, 1000, 0.1, 2, 6, 10.0, 10, 12, 0.1, 0.0, 0.75, 1.0): (0.0, 2.533333333333333) in 83.22s
594/675 (10, 1000, 0.1, 2, 6, 10.0, 10, 12, 0.1, 0.0, 0.75, 5.0): (0.0, 2.7666666666666666) in 83.22s
595/675 (10, 1000, 0.1, 2, 6, 10.0, 10, 12, 0.1, 0.05, 0.2, 0.2): (0.0, 2.8666666666666667) in 124.38s
596/675 (10, 1000, 0.1, 2, 6, 10.0, 10, 12, 0.1, 0.05, 0.2, 1.0): (0.0, 2.7333333333333334) in 129.63s
597/675 (10, 1000, 0.1, 2, 6, 10.0, 10, 12, 0.1, 0.05, 0.2, 5.0): (0.0, 2.8) in 124.45s
598/675 (10, 1000, 0.1, 2, 6, 10.0, 10, 12, 0.1, 0.05, 0.5, 0.2): (0.0, 2.8) in 93.55s
599/675 (10, 1000, 0.1, 2, 6, 10.0, 10, 12, 0.1, 0.05, 0.5, 1.0): (0.0, 2.6666666666666665) in 97.89s
600/675 (10, 1000, 0.1, 2, 6, 10.0, 10, 12, 0.1, 0.05, 0.5, 5.0): (0.0, 2.6) in 98.62s
601/675 (10, 1000, 0.1, 2, 6, 10.0, 10, 12, 0.1, 0.05, 0.75, 0.2): (0.0, 2.7) in 85.29s
602/675 (10, 1000, 0.1, 2, 6, 10.0, 10, 12, 0.1, 0.05, 0.75, 1.0): (0.0, 2.5) in 89.08s
603/675 (10, 1000, 0.1, 2, 6, 10.0, 10, 12, 0.1, 0.05, 0.75, 5.0): (0.0, 2.8666666666666667) in 85.17s
604/675 (10, 1000, 0.1, 2, 6, 10.0, 10, 12, 0.1, 0.1, 0.2, 0.2): (0.0, 2.9) in 128.87s
605/675 (10, 1000, 0.1, 2, 6, 10.0, 10, 12, 0.1, 0.1, 0.2, 1.0): (0.0, 2.7666666666666666) in 135.66s
606/675 (10, 1000, 0.1, 2, 6, 10.0, 10, 12, 0.1, 0.1, 0.2, 5.0): (0.0, 2.7333333333333334) in 131.91s
607/675 (10, 1000, 0.1, 2, 6, 10.0, 10, 12, 0.1, 0.1, 0.5, 0.2): (0.0, 2.8666666666666667) in 102.76s
608/675 (10, 1000, 0.1, 2, 6, 10.0, 10, 12, 0.1, 0.1, 0.5, 1.0): (0.0, 2.7333333333333334) in 104.29s
609/675 (10, 1000, 0.1, 2, 6, 10.0, 10, 12, 0.1, 0.1, 0.5, 5.0): (0.0, 2.6333333333333333) in 97.79s
610/675 (10, 1000, 0.1, 2, 6, 10.0, 10, 12, 0.1, 0.1, 0.75, 0.2): (0.0, 2.7) in 88.23s
611/675 (10, 1000, 0.1, 2, 6, 10.0, 10, 12, 0.1, 0.1, 0.75, 1.0): (0.0, 2.6666666666666665) in 89.03s
612/675 (10, 1000, 0.1, 2, 6, 10.0, 10, 12, 0.1, 0.1, 0.75, 5.0): (0.0, 2.8) in 89.48s
613/675 (10, 1000, 0.1, 2, 6, 10.0, 10, 12, 0.1, 0.3, 0.2, 0.2): (0.0015503875968992248, 2.933333333333333) in 154.81s
614/675 (10, 1000, 0.1, 2, 6, 10.0, 10, 12, 0.1, 0.3, 0.2, 1.0): (0.0, 2.9) in 151.88s
615/675 (10, 1000, 0.1, 2, 6, 10.0, 10, 12, 0.1, 0.3, 0.2, 5.0): (0.00449438202247191, 2.8333333333333335) in 190.95s
616/675 (10, 1000, 0.1, 2, 6, 10.0, 10, 12, 0.1, 0.3, 0.5, 0.2): (0.0, 2.7333333333333334) in 111.29s
617/675 (10, 1000, 0.1, 2, 6, 10.0, 10, 12, 0.1, 0.3, 0.5, 1.0): (0.0, 2.7666666666666666) in 114.04s
618/675 (10, 1000, 0.1, 2, 6, 10.0, 10, 12, 0.1, 0.3, 0.5, 5.0): (0.0, 2.566666666666667) in 111.41s
619/675 (10, 1000, 0.1, 2, 6, 10.0, 10, 12, 0.1, 0.3, 0.75, 0.2): (0.0, 2.7333333333333334) in 102.12s
620/675 (10, 1000, 0.1, 2, 6, 10.0, 10, 12, 0.1, 0.3, 0.75, 1.0): (0.0, 3.0) in 99.51s
621/675 (10, 1000, 0.1, 2, 6, 10.0, 10, 12, 0.1, 0.3, 0.75, 5.0): (0.0, 2.8) in 100.14s
622/675 (10, 1000, 0.1, 2, 6, 10.0, 10, 12, 0.1, 0.7, 0.2, 0.2): (0.0, 2.8) in 182.17s
623/675 (10, 1000, 0.1, 2, 6, 10.0, 10, 12, 0.1, 0.7, 0.2, 1.0): (0.0, 2.7) in 174.58s
624/675 (10, 1000, 0.1, 2, 6, 10.0, 10, 12, 0.1, 0.7, 0.2, 5.0): (0.0, 2.6666666666666665) in 182.51s
625/675 (10, 1000, 0.1, 2, 6, 10.0, 10, 12, 0.1, 0.7, 0.5, 0.2): (0.0, 2.5) in 137.94s
626/675 (10, 1000, 0.1, 2, 6, 10.0, 10, 12, 0.1, 0.7, 0.5, 1.0): (0.0, 2.6) in 136.25s
627/675 (10, 1000, 0.1, 2, 6, 10.0, 10, 12, 0.1, 0.7, 0.5, 5.0): (0.0, 2.8) in 139.17s
628/675 (10, 1000, 0.1, 2, 6, 10.0, 10, 12, 0.1, 0.7, 0.75, 0.2): (0.0, 2.6666666666666665) in 121.26s
629/675 (10, 1000, 0.1, 2, 6, 10.0, 10, 12, 0.1, 0.7, 0.75, 1.0): (0.0, 2.8666666666666667) in 123.48s
630/675 (10, 1000, 0.1, 2, 6, 10.0, 10, 12, 0.1, 0.7, 0.75, 5.0): (0.0, 2.7333333333333334) in 124.38s
631/675 (10, 1000, 0.1, 2, 6, 10.0, 10, 12, 0.5, 0.0, 0.2, 0.2): (0.002325581395348837, 3.033333333333333) in 305.44s
632/675 (10, 1000, 0.1, 2, 6, 10.0, 10, 12, 0.5, 0.0, 0.2, 1.0): (0.0, 2.7333333333333334) in 318.23s
633/675 (10, 1000, 0.1, 2, 6, 10.0, 10, 12, 0.5, 0.0, 0.2, 5.0): (0.0, 2.6666666666666665) in 310.60s
634/675 (10, 1000, 0.1, 2, 6, 10.0, 10, 12, 0.5, 0.0, 0.5, 0.2): (0.0, 2.8666666666666667) in 403.84s
635/675 (10, 1000, 0.1, 2, 6, 10.0, 10, 12, 0.5, 0.0, 0.5, 1.0): (0.0, 2.8666666666666667) in 397.64s
636/675 (10, 1000, 0.1, 2, 6, 10.0, 10, 12, 0.5, 0.0, 0.5, 5.0): (0.0, 2.933333333333333) in 396.16s
637/675 (10, 1000, 0.1, 2, 6, 10.0, 10, 12, 0.5, 0.0, 0.75, 0.2): (0.0008888888888888889, 2.9) in 445.45s
638/675 (10, 1000, 0.1, 2, 6, 10.0, 10, 12, 0.5, 0.0, 0.75, 1.0): (0.00149812734082397, 2.8333333333333335) in 435.38s
639/675 (10, 1000, 0.1, 2, 6, 10.0, 10, 12, 0.5, 0.0, 0.75, 5.0): (0.0, 2.6666666666666665) in 444.78s
640/675 (10, 1000, 0.1, 2, 6, 10.0, 10, 12, 0.5, 0.05, 0.2, 0.2): (0.00149812734082397, 2.933333333333333) in 316.92s
641/675 (10, 1000, 0.1, 2, 6, 10.0, 10, 12, 0.5, 0.05, 0.2, 1.0): (0.0, 2.6333333333333333) in 309.91s
642/675 (10, 1000, 0.1, 2, 6, 10.0, 10, 12, 0.5, 0.05, 0.2, 5.0): (0.0, 2.533333333333333) in 308.96s
643/675 (10, 1000, 0.1, 2, 6, 10.0, 10, 12, 0.5, 0.05, 0.5, 0.2): (0.0, 2.966666666666667) in 395.27s
644/675 (10, 1000, 0.1, 2, 6, 10.0, 10, 12, 0.5, 0.05, 0.5, 1.0): (0.0018018018018018018, 3.033333333333333) in 405.49s
645/675 (10, 1000, 0.1, 2, 6, 10.0, 10, 12, 0.5, 0.05, 0.5, 5.0): (0.0047619047619047615, 3.1333333333333333) in 401.92s
646/675 (10, 1000, 0.1, 2, 6, 10.0, 10, 12, 0.5, 0.05, 0.75, 0.2): (0.0, 2.8) in 437.87s
647/675 (10, 1000, 0.1, 2, 6, 10.0, 10, 12, 0.5, 0.05, 0.75, 1.0): (0.0, 2.8666666666666667) in 440.96s
648/675 (10, 1000, 0.1, 2, 6, 10.0, 10, 12, 0.5, 0.05, 0.75, 5.0): (0.0, 2.7) in 437.95s
649/675 (10, 1000, 0.1, 2, 6, 10.0, 10, 12, 0.5, 0.1, 0.2, 0.2): (0.0, 3.0) in 322.55s
650/675 (10, 1000, 0.1, 2, 6, 10.0, 10, 12, 0.5, 0.1, 0.2, 1.0): (0.0, 2.9) in 318.36s
651/675 (10, 1000, 0.1, 2, 6, 10.0, 10, 12, 0.5, 0.1, 0.2, 5.0): (0.006349206349206349, 3.0) in 325.83s
652/675 (10, 1000, 0.1, 2, 6, 10.0, 10, 12, 0.5, 0.1, 0.5, 0.2): (0.00402827797785781, 3.3) in 399.21s
653/675 (10, 1000, 0.1, 2, 6, 10.0, 10, 12, 0.5, 0.1, 0.5, 1.0): (0.001282051282051282, 2.8333333333333335) in 406.95s
654/675 (10, 1000, 0.1, 2, 6, 10.0, 10, 12, 0.5, 0.1, 0.5, 5.0): (0.008636363636363636, 3.033333333333333) in 447.51s
655/675 (10, 1000, 0.1, 2, 6, 10.0, 10, 12, 0.5, 0.1, 0.75, 0.2): (0.0, 2.7333333333333334) in 445.73s
656/675 (10, 1000, 0.1, 2, 6, 10.0, 10, 12, 0.5, 0.1, 0.75, 1.0): (0.0017777777777777779, 2.9) in 443.09s
657/675 (10, 1000, 0.1, 2, 6, 10.0, 10, 12, 0.5, 0.1, 0.75, 5.0): (0.009195402298850575, 2.9) in 484.18s
658/675 (10, 1000, 0.1, 2, 6, 10.0, 10, 12, 0.5, 0.3, 0.2, 0.2): (0.002898550724637681, 3.2666666666666666) in 324.32s
659/675 (10, 1000, 0.1, 2, 6, 10.0, 10, 12, 0.5, 0.3, 0.2, 1.0): (0.005420054200542005, 3.1333333333333333) in 329.60s
660/675 (10, 1000, 0.1, 2, 6, 10.0, 10, 12, 0.5, 0.3, 0.2, 5.0): (0.0, 2.6666666666666665) in 314.41s
661/675 (10, 1000, 0.1, 2, 6, 10.0, 10, 12, 0.5, 0.3, 0.5, 0.2): (0.004055555555555556, 3.2333333333333334) in 410.78s
662/675 (10, 1000, 0.1, 2, 6, 10.0, 10, 12, 0.5, 0.3, 0.5, 1.0): (0.0, 2.9) in 418.39s
663/675 (10, 1000, 0.1, 2, 6, 10.0, 10, 12, 0.5, 0.3, 0.5, 5.0): (0.00471976401179941, 2.7333333333333334) in 417.37s
664/675 (10, 1000, 0.1, 2, 6, 10.0, 10, 12, 0.5, 0.3, 0.75, 0.2): (0.0, 2.8333333333333335) in 456.33s
665/675 (10, 1000, 0.1, 2, 6, 10.0, 10, 12, 0.5, 0.3, 0.75, 1.0): (0.0020785057229127167, 3.066666666666667) in 468.98s
666/675 (10, 1000, 0.1, 2, 6, 10.0, 10, 12, 0.5, 0.3, 0.75, 5.0): (0.0, 2.6666666666666665) in 455.53s
667/675 (10, 1000, 0.1, 2, 6, 10.0, 10, 12, 0.5, 0.7, 0.2, 0.2): (0.0, 2.9) in 342.81s
668/675 (10, 1000, 0.1, 2, 6, 10.0, 10, 12, 0.5, 0.7, 0.2, 1.0): (0.0, 2.9) in 354.51s
669/675 (10, 1000, 0.1, 2, 6, 10.0, 10, 12, 0.5, 0.7, 0.2, 5.0): (0.0, 2.533333333333333) in 352.88s
670/675 (10, 1000, 0.1, 2, 6, 10.0, 10, 12, 0.5, 0.7, 0.5, 0.2): (0.0, 2.933333333333333) in 428.19s
671/675 (10, 1000, 0.1, 2, 6, 10.0, 10, 12, 0.5, 0.7, 0.5, 1.0): (0.001374570446735395, 2.7) in 457.26s
672/675 (10, 1000, 0.1, 2, 6, 10.0, 10, 12, 0.5, 0.7, 0.5, 5.0): (0.0, 2.966666666666667) in 436.97s
673/675 (10, 1000, 0.1, 2, 6, 10.0, 10, 12, 0.5, 0.7, 0.75, 0.2): (0.0007751937984496124, 3.0) in 485.14s
674/675 (10, 1000, 0.1, 2, 6, 10.0, 10, 12, 0.5, 0.7, 0.75, 1.0): (0.0, 2.8666666666666667) in 481.46s
675/675 (10, 1000, 0.1, 2, 6, 10.0, 10, 12, 0.5, 0.7, 0.75, 5.0): (0.0160427807486631, 2.933333333333333) in 540.43s

best: (0.0160427807486631, 2.933333333333333)
{'crossover_size_proportion': 0.75,
 'depth_softener': 10.0,
 'generations': 1000,
 'individuals_per_method_and_depth': 10,
 'max_depth': 12,
 'max_gen_depth': 6,
 'max_program_runtime_ms': 10,
 'min_gen_depth': 2,
 'mutation_chance': 0.5,
 'mutation_single_chance': 0.7,
 'p_grow_leaf': 0.1,
 'selection_pressure': 5.0}
