1/810 (5, 1000, 0.1, 2, 6, 1.0, 10, 12, 0.0, 0.0, 0.2, 0.2): (0.27727242587856404, 2.1666666666666665) in 11.12s
2/810 (5, 1000, 0.1, 2, 6, 1.0, 10, 12, 0.0, 0.0, 0.2, 1.0): (0.28877763138632706, 1.6) in 46.04s
3/810 (5, 1000, 0.1, 2, 6, 1.0, 10, 12, 0.0, 0.0, 0.2, 5.0): (0.29005291005291, 1.5333333333333334) in 12.80s
4/810 (5, 1000, 0.1, 2, 6, 1.0, 10, 12, 0.0, 0.0, 0.5, 0.2): (0.24484848484848495, 2.033333333333333) in 10.01s
5/810 (5, 1000, 0.1, 2, 6, 1.0, 10, 12, 0.0, 0.0, 0.5, 1.0): (0.28991948470209344, 1.6) in 12.78s
6/810 (5, 1000, 0.1, 2, 6, 1.0, 10, 12, 0.0, 0.0, 0.5, 5.0): (0.25436392914653794, 1.3666666666666667) in 9.54s
7/810 (5, 1000, 0.1, 2, 6, 1.0, 10, 12, 0.0, 0.0, 0.75, 0.2): (0.2222222222222223, 1.4666666666666666) in 9.56s
8/810 (5, 1000, 0.1, 2, 6, 1.0, 10, 12, 0.0, 0.0, 0.75, 1.0): (0.2647342995169083, 1.3333333333333333) in 9.58s
9/810 (5, 1000, 0.1, 2, 6, 1.0, 10, 12, 0.0, 0.0, 0.75, 5.0): (0.33330572808833675, 1.6333333333333333) in 11.64s
10/810 (5, 1000, 0.1, 2, 6, 1.0, 10, 12, 0.0, 0.001, 0.2, 0.2): (0.2765656565656566, 2.2) in 11.29s
11/810 (5, 1000, 0.1, 2, 6, 1.0, 10, 12, 0.0, 0.001, 0.2, 1.0): (0.2533333333333334, 1.4666666666666666) in 9.32s
12/810 (5, 1000, 0.1, 2, 6, 1.0, 10, 12, 0.0, 0.001, 0.2, 5.0): (0.25555555555555565, 1.3666666666666667) in 31.86s
13/810 (5, 1000, 0.1, 2, 6, 1.0, 10, 12, 0.0, 0.001, 0.5, 0.2): (0.27020933977455724, 2.0) in 9.35s
14/810 (5, 1000, 0.1, 2, 6, 1.0, 10, 12, 0.0, 0.001, 0.5, 1.0): (0.31534957417310355, 2.1) in 9.66s
15/810 (5, 1000, 0.1, 2, 6, 1.0, 10, 12, 0.0, 0.001, 0.5, 5.0): (0.30336700336700334, 1.4666666666666666) in 9.25s
16/810 (5, 1000, 0.1, 2, 6, 1.0, 10, 12, 0.0, 0.001, 0.75, 0.2): (0.2667954911433173, 2.3333333333333335) in 9.48s
17/810 (5, 1000, 0.1, 2, 6, 1.0, 10, 12, 0.0, 0.001, 0.75, 1.0): (0.24222222222222228, 1.4666666666666666) in 9.31s
18/810 (5, 1000, 0.1, 2, 6, 1.0, 10, 12, 0.0, 0.001, 0.75, 5.0): (0.2737373737373738, 1.4) in 9.90s
19/810 (5, 1000, 0.1, 2, 6, 1.0, 10, 12, 0.0, 0.01, 0.2, 0.2): (0.278471673254282, 1.8333333333333333) in 9.66s
20/810 (5, 1000, 0.1, 2, 6, 1.0, 10, 12, 0.0, 0.01, 0.2, 1.0): (0.33878633782523937, 1.6333333333333333) in 14.20s
21/810 (5, 1000, 0.1, 2, 6, 1.0, 10, 12, 0.0, 0.01, 0.2, 5.0): (0.2990777338603426, 1.4666666666666666) in 17.93s
22/810 (5, 1000, 0.1, 2, 6, 1.0, 10, 12, 0.0, 0.01, 0.5, 0.2): (0.2706602254428342, 1.3666666666666667) in 9.65s
23/810 (5, 1000, 0.1, 2, 6, 1.0, 10, 12, 0.0, 0.01, 0.5, 1.0): (0.335296057447087, 1.9333333333333333) in 11.23s
24/810 (5, 1000, 0.1, 2, 6, 1.0, 10, 12, 0.0, 0.01, 0.5, 5.0): (0.26888888888888896, 1.3) in 11.80s
25/810 (5, 1000, 0.1, 2, 6, 1.0, 10, 12, 0.0, 0.01, 0.75, 0.2): (0.2628019323671498, 1.3666666666666667) in 9.53s
26/810 (5, 1000, 0.1, 2, 6, 1.0, 10, 12, 0.0, 0.01, 0.75, 1.0): (0.3081481481481481, 1.8333333333333333) in 9.58s
27/810 (5, 1000, 0.1, 2, 6, 1.0, 10, 12, 0.0, 0.01, 0.75, 5.0): (0.34975845410628, 1.3) in 12.07s
28/810 (5, 1000, 0.1, 2, 6, 1.0, 10, 12, 0.0, 0.02, 0.2, 0.2): (0.32888888888888873, 1.6) in 10.33s
29/810 (5, 1000, 0.1, 2, 6, 1.0, 10, 12, 0.0, 0.02, 0.2, 1.0): (0.4412999560825646, 2.066666666666667) in 18.31s
30/810 (5, 1000, 0.1, 2, 6, 1.0, 10, 12, 0.0, 0.02, 0.2, 5.0): (0.3765861513687599, 1.5333333333333334) in 30.41s
31/810 (5, 1000, 0.1, 2, 6, 1.0, 10, 12, 0.0, 0.02, 0.5, 0.2): (0.2683911579563754, 1.5333333333333334) in 9.90s
32/810 (5, 1000, 0.1, 2, 6, 1.0, 10, 12, 0.0, 0.02, 0.5, 1.0): (0.3902093397745571, 1.8666666666666667) in 13.81s
33/810 (5, 1000, 0.1, 2, 6, 1.0, 10, 12, 0.0, 0.02, 0.5, 5.0): (0.29629629629629634, 1.1666666666666667) in 18.54s
34/810 (5, 1000, 0.1, 2, 6, 1.0, 10, 12, 0.0, 0.02, 0.75, 0.2): (0.27066022544283425, 1.2666666666666666) in 9.75s
35/810 (5, 1000, 0.1, 2, 6, 1.0, 10, 12, 0.0, 0.02, 0.75, 1.0): (0.2891787439613526, 1.3333333333333333) in 10.20s
36/810 (5, 1000, 0.1, 2, 6, 1.0, 10, 12, 0.0, 0.02, 0.75, 5.0): (0.3645732689210949, 1.5333333333333334) in 16.37s
37/810 (5, 1000, 0.1, 2, 6, 1.0, 10, 12, 0.0, 0.05, 0.2, 0.2): (0.31819645732689206, 1.5) in 10.97s
38/810 (5, 1000, 0.1, 2, 6, 1.0, 10, 12, 0.0, 0.05, 0.2, 1.0): (0.4988083735909821, 2.2666666666666666) in 26.74s
39/810 (5, 1000, 0.1, 2, 6, 1.0, 10, 12, 0.0, 0.05, 0.2, 5.0): (0.2914009661835749, 1.4) in 18.92s
40/810 (5, 1000, 0.1, 2, 6, 1.0, 10, 12, 0.0, 0.05, 0.5, 0.2): (0.33494363929146526, 1.7) in 9.97s
41/810 (5, 1000, 0.1, 2, 6, 1.0, 10, 12, 0.0, 0.05, 0.5, 1.0): (0.4180354267310788, 1.9) in 15.08s
42/810 (5, 1000, 0.1, 2, 6, 1.0, 10, 12, 0.0, 0.05, 0.5, 5.0): (0.47111111111111087, 1.7666666666666666) in 33.82s
43/810 (5, 1000, 0.1, 2, 6, 1.0, 10, 12, 0.0, 0.05, 0.75, 0.2): (0.3398389694041868, 2.0) in 10.01s
44/810 (5, 1000, 0.1, 2, 6, 1.0, 10, 12, 0.0, 0.05, 0.75, 1.0): (0.34177133655394515, 1.8666666666666667) in 12.58s
45/810 (5, 1000, 0.1, 2, 6, 1.0, 10, 12, 0.0, 0.05, 0.75, 5.0): (0.40412238325281796, 1.5666666666666667) in 27.77s
46/810 (5, 1000, 0.1, 2, 6, 1.0, 10, 12, 0.0, 0.1, 0.2, 0.2): (0.41689650124432726, 2.033333333333333) in 12.17s
47/810 (5, 1000, 0.1, 2, 6, 1.0, 10, 12, 0.0, 0.1, 0.2, 1.0): (0.5095769287073633, 2.533333333333333) in 21.05s
48/810 (5, 1000, 0.1, 2, 6, 1.0, 10, 12, 0.0, 0.1, 0.2, 5.0): (0.4188083735909821, 1.5666666666666667) in 44.22s
49/810 (5, 1000, 0.1, 2, 6, 1.0, 10, 12, 0.0, 0.1, 0.5, 0.2): (0.39819645732689185, 2.1) in 10.79s
50/810 (5, 1000, 0.1, 2, 6, 1.0, 10, 12, 0.0, 0.1, 0.5, 1.0): (0.500869565217391, 2.2) in 17.58s
51/810 (5, 1000, 0.1, 2, 6, 1.0, 10, 12, 0.0, 0.1, 0.5, 5.0): (0.4365656565656563, 1.6666666666666667) in 41.99s
52/810 (5, 1000, 0.1, 2, 6, 1.0, 10, 12, 0.0, 0.1, 0.75, 0.2): (0.33516660473182197, 1.6) in 10.66s
53/810 (5, 1000, 0.1, 2, 6, 1.0, 10, 12, 0.0, 0.1, 0.75, 1.0): (0.41597423510466974, 1.9333333333333333) in 10.06s
54/810 (5, 1000, 0.1, 2, 6, 1.0, 10, 12, 0.0, 0.1, 0.75, 5.0): (0.41185185185185164, 1.7666666666666666) in 41.44s
55/810 (5, 1000, 0.1, 2, 6, 1.0, 10, 12, 0.001, 0.0, 0.2, 0.2): (0.2633449676012606, 2.6) in 9.94s
56/810 (5, 1000, 0.1, 2, 6, 1.0, 10, 12, 0.001, 0.0, 0.2, 1.0): (0.26895622895622906, 1.7333333333333334) in 9.33s
57/810 (5, 1000, 0.1, 2, 6, 1.0, 10, 12, 0.001, 0.0, 0.2, 5.0): (0.3192592592592592, 1.6666666666666667) in 11.84s
58/810 (5, 1000, 0.1, 2, 6, 1.0, 10, 12, 0.001, 0.0, 0.5, 0.2): (0.27658615136876014, 1.9) in 9.07s
59/810 (5, 1000, 0.1, 2, 6, 1.0, 10, 12, 0.001, 0.0, 0.5, 1.0): (0.3013204508856682, 1.6) in 10.67s
60/810 (5, 1000, 0.1, 2, 6, 1.0, 10, 12, 0.001, 0.0, 0.5, 5.0): (0.2871225071225071, 1.5666666666666667) in 8.83s
61/810 (5, 1000, 0.1, 2, 6, 1.0, 10, 12, 0.001, 0.0, 0.75, 0.2): (0.2816103059581321, 1.9) in 9.36s
62/810 (5, 1000, 0.1, 2, 6, 1.0, 10, 12, 0.001, 0.0, 0.75, 1.0): (0.3010305958132045, 1.7) in 9.67s
63/810 (5, 1000, 0.1, 2, 6, 1.0, 10, 12, 0.001, 0.0, 0.75, 5.0): (0.33243156199677937, 1.8) in 11.09s
64/810 (5, 1000, 0.1, 2, 6, 1.0, 10, 12, 0.001, 0.001, 0.2, 0.2): (0.2875157370809545, 2.033333333333333) in 9.50s
65/810 (5, 1000, 0.1, 2, 6, 1.0, 10, 12, 0.001, 0.001, 0.2, 1.0): (0.28143463621724496, 1.7) in 11.21s
66/810 (5, 1000, 0.1, 2, 6, 1.0, 10, 12, 0.001, 0.001, 0.2, 5.0): (0.30605475040257646, 1.6333333333333333) in 25.87s
67/810 (5, 1000, 0.1, 2, 6, 1.0, 10, 12, 0.001, 0.001, 0.5, 0.2): (0.2655833699311961, 1.9666666666666666) in 9.23s
68/810 (5, 1000, 0.1, 2, 6, 1.0, 10, 12, 0.001, 0.001, 0.5, 1.0): (0.34062362758014947, 1.9333333333333333) in 10.60s
69/810 (5, 1000, 0.1, 2, 6, 1.0, 10, 12, 0.001, 0.001, 0.5, 5.0): (0.28206119162640914, 1.4666666666666666) in 9.63s
70/810 (5, 1000, 0.1, 2, 6, 1.0, 10, 12, 0.001, 0.001, 0.75, 0.2): (0.25481481481481494, 1.8333333333333333) in 9.27s
71/810 (5, 1000, 0.1, 2, 6, 1.0, 10, 12, 0.001, 0.001, 0.75, 1.0): (0.3151046698872786, 1.4) in 9.78s
72/810 (5, 1000, 0.1, 2, 6, 1.0, 10, 12, 0.001, 0.001, 0.75, 5.0): (0.3032528180354267, 1.5666666666666667) in 94.59s
73/810 (5, 1000, 0.1, 2, 6, 1.0, 10, 12, 0.001, 0.01, 0.2, 0.2): (0.2854530044919061, 1.8) in 9.86s
74/810 (5, 1000, 0.1, 2, 6, 1.0, 10, 12, 0.001, 0.01, 0.2, 1.0): (0.2748767496593584, 1.6) in 14.56s
75/810 (5, 1000, 0.1, 2, 6, 1.0, 10, 12, 0.001, 0.01, 0.2, 5.0): (0.32399355877616737, 1.4333333333333333) in 23.06s
76/810 (5, 1000, 0.1, 2, 6, 1.0, 10, 12, 0.001, 0.01, 0.5, 0.2): (0.29288244766505633, 1.8) in 9.77s
77/810 (5, 1000, 0.1, 2, 6, 1.0, 10, 12, 0.001, 0.01, 0.5, 1.0): (0.3753945249597421, 2.1) in 9.64s
78/810 (5, 1000, 0.1, 2, 6, 1.0, 10, 12, 0.001, 0.01, 0.5, 5.0): (0.29835748792270533, 1.2666666666666666) in 11.43s
79/810 (5, 1000, 0.1, 2, 6, 1.0, 10, 12, 0.001, 0.01, 0.75, 0.2): (0.3072463768115942, 1.5) in 9.63s
80/810 (5, 1000, 0.1, 2, 6, 1.0, 10, 12, 0.001, 0.01, 0.75, 1.0): (0.3257444005270092, 2.3) in 9.79s
81/810 (5, 1000, 0.1, 2, 6, 1.0, 10, 12, 0.001, 0.01, 0.75, 5.0): (0.30222222222222217, 1.3333333333333333) in 12.06s
82/810 (5, 1000, 0.1, 2, 6, 1.0, 10, 12, 0.001, 0.02, 0.2, 0.2): (0.3975077418555678, 2.066666666666667) in 9.89s
83/810 (5, 1000, 0.1, 2, 6, 1.0, 10, 12, 0.001, 0.02, 0.2, 1.0): (0.37732689210950066, 2.1) in 15.87s
84/810 (5, 1000, 0.1, 2, 6, 1.0, 10, 12, 0.001, 0.02, 0.2, 5.0): (0.3222222222222222, 1.5) in 27.13s
85/810 (5, 1000, 0.1, 2, 6, 1.0, 10, 12, 0.001, 0.02, 0.5, 0.2): (0.2638454106280194, 1.2333333333333334) in 9.64s
86/810 (5, 1000, 0.1, 2, 6, 1.0, 10, 12, 0.001, 0.02, 0.5, 1.0): (0.32991948470209326, 1.8) in 12.33s
87/810 (5, 1000, 0.1, 2, 6, 1.0, 10, 12, 0.001, 0.02, 0.5, 5.0): (0.34679549114331715, 1.4333333333333333) in 15.83s
88/810 (5, 1000, 0.1, 2, 6, 1.0, 10, 12, 0.001, 0.02, 0.75, 0.2): (0.2981818181818181, 1.4333333333333333) in 9.68s
89/810 (5, 1000, 0.1, 2, 6, 1.0, 10, 12, 0.001, 0.02, 0.75, 1.0): (0.26962962962962966, 1.3666666666666667) in 12.55s
90/810 (5, 1000, 0.1, 2, 6, 1.0, 10, 12, 0.001, 0.02, 0.75, 5.0): (0.385185185185185, 1.3666666666666667) in 17.35s
91/810 (5, 1000, 0.1, 2, 6, 1.0, 10, 12, 0.001, 0.05, 0.2, 0.2): (0.40209917635546905, 2.2) in 10.79s
92/810 (5, 1000, 0.1, 2, 6, 1.0, 10, 12, 0.001, 0.05, 0.2, 1.0): (0.50975845410628, 2.433333333333333) in 22.95s
93/810 (5, 1000, 0.1, 2, 6, 1.0, 10, 12, 0.001, 0.05, 0.2, 5.0): (0.41840951319212166, 1.9666666666666666) in 32.54s
94/810 (5, 1000, 0.1, 2, 6, 1.0, 10, 12, 0.001, 0.05, 0.5, 0.2): (0.2667954911433173, 1.4333333333333333) in 10.31s
95/810 (5, 1000, 0.1, 2, 6, 1.0, 10, 12, 0.001, 0.05, 0.5, 1.0): (0.4416308007612354, 2.0) in 19.17s
96/810 (5, 1000, 0.1, 2, 6, 1.0, 10, 12, 0.001, 0.05, 0.5, 5.0): (0.3822866344605473, 1.4) in 38.17s
97/810 (5, 1000, 0.1, 2, 6, 1.0, 10, 12, 0.001, 0.05, 0.75, 0.2): (0.32275801493192796, 1.7666666666666666) in 9.99s
98/810 (5, 1000, 0.1, 2, 6, 1.0, 10, 12, 0.001, 0.05, 0.75, 1.0): (0.3388083735909822, 1.9) in 13.79s
99/810 (5, 1000, 0.1, 2, 6, 1.0, 10, 12, 0.001, 0.05, 0.75, 5.0): (0.3970370370370369, 1.6333333333333333) in 30.12s
100/810 (5, 1000, 0.1, 2, 6, 1.0, 10, 12, 0.001, 0.1, 0.2, 0.2): (0.3409983896940419, 1.8666666666666667) in 12.06s
101/810 (5, 1000, 0.1, 2, 6, 1.0, 10, 12, 0.001, 0.1, 0.2, 1.0): (0.5325603864734298, 2.466666666666667) in 19.08s
102/810 (5, 1000, 0.1, 2, 6, 1.0, 10, 12, 0.001, 0.1, 0.2, 5.0): (0.4294481042307127, 1.8) in 61.01s
103/810 (5, 1000, 0.1, 2, 6, 1.0, 10, 12, 0.001, 0.1, 0.5, 0.2): (0.2657004830917875, 1.1666666666666667) in 10.43s
104/810 (5, 1000, 0.1, 2, 6, 1.0, 10, 12, 0.001, 0.1, 0.5, 1.0): (0.4402576489533009, 2.1333333333333333) in 15.89s
105/810 (5, 1000, 0.1, 2, 6, 1.0, 10, 12, 0.001, 0.1, 0.5, 5.0): (0.3822222222222221, 1.6) in 39.81s
106/810 (5, 1000, 0.1, 2, 6, 1.0, 10, 12, 0.001, 0.1, 0.75, 0.2): (0.3108571782484825, 1.6666666666666667) in 10.28s
107/810 (5, 1000, 0.1, 2, 6, 1.0, 10, 12, 0.001, 0.1, 0.75, 1.0): (0.45745571658615136, 1.8) in 10.77s
108/810 (5, 1000, 0.1, 2, 6, 1.0, 10, 12, 0.001, 0.1, 0.75, 5.0): (0.4325925925925925, 1.7666666666666666) in 41.98s
109/810 (5, 1000, 0.1, 2, 6, 1.0, 10, 12, 0.01, 0.0, 0.2, 0.2): (0.32870736348997215, 1.7) in 11.29s
110/810 (5, 1000, 0.1, 2, 6, 1.0, 10, 12, 0.01, 0.0, 0.2, 1.0): (0.3180207875860048, 1.4666666666666666) in 10.80s
111/810 (5, 1000, 0.1, 2, 6, 1.0, 10, 12, 0.01, 0.0, 0.2, 5.0): (0.2657648953301128, 1.3) in 10.68s
112/810 (5, 1000, 0.1, 2, 6, 1.0, 10, 12, 0.01, 0.0, 0.5, 0.2): (0.3803542673107889, 1.4666666666666666) in 11.51s
113/810 (5, 1000, 0.1, 2, 6, 1.0, 10, 12, 0.01, 0.0, 0.5, 1.0): (0.33687600644122384, 2.1333333333333333) in 10.71s
114/810 (5, 1000, 0.1, 2, 6, 1.0, 10, 12, 0.01, 0.0, 0.5, 5.0): (0.2914009661835749, 1.4333333333333333) in 10.56s
115/810 (5, 1000, 0.1, 2, 6, 1.0, 10, 12, 0.01, 0.0, 0.75, 0.2): (0.3715426731078904, 1.6666666666666667) in 11.11s
116/810 (5, 1000, 0.1, 2, 6, 1.0, 10, 12, 0.01, 0.0, 0.75, 1.0): (0.3762962962962962, 1.5666666666666667) in 11.32s
117/810 (5, 1000, 0.1, 2, 6, 1.0, 10, 12, 0.01, 0.0, 0.75, 5.0): (0.3694685990338164, 1.8) in 17.97s
118/810 (5, 1000, 0.1, 2, 6, 1.0, 10, 12, 0.01, 0.001, 0.2, 0.2): (0.3706280193236714, 1.8333333333333333) in 10.96s
119/810 (5, 1000, 0.1, 2, 6, 1.0, 10, 12, 0.01, 0.001, 0.2, 1.0): (0.3305489679402722, 1.7666666666666666) in 18.78s
120/810 (5, 1000, 0.1, 2, 6, 1.0, 10, 12, 0.01, 0.001, 0.2, 5.0): (0.2610305958132046, 1.2333333333333334) in 14.17s
121/810 (5, 1000, 0.1, 2, 6, 1.0, 10, 12, 0.01, 0.001, 0.5, 0.2): (0.4001288244766505, 1.8333333333333333) in 11.62s
122/810 (5, 1000, 0.1, 2, 6, 1.0, 10, 12, 0.01, 0.001, 0.5, 1.0): (0.2992592592592593, 1.4) in 10.48s
123/810 (5, 1000, 0.1, 2, 6, 1.0, 10, 12, 0.01, 0.001, 0.5, 5.0): (0.2943639291465378, 1.3333333333333333) in 16.39s
124/810 (5, 1000, 0.1, 2, 6, 1.0, 10, 12, 0.01, 0.001, 0.75, 0.2): (0.35037037037037033, 1.6333333333333333) in 11.06s
125/810 (5, 1000, 0.1, 2, 6, 1.0, 10, 12, 0.01, 0.001, 0.75, 1.0): (0.31613526570048306, 1.6333333333333333) in 10.36s
126/810 (5, 1000, 0.1, 2, 6, 1.0, 10, 12, 0.01, 0.001, 0.75, 5.0): (0.3180676328502416, 1.3) in 12.33s
127/810 (5, 1000, 0.1, 2, 6, 1.0, 10, 12, 0.01, 0.01, 0.2, 0.2): (0.4316908212560385, 1.9333333333333333) in 12.44s
128/810 (5, 1000, 0.1, 2, 6, 1.0, 10, 12, 0.01, 0.01, 0.2, 1.0): (0.3700278143756403, 1.9) in 13.51s
129/810 (5, 1000, 0.1, 2, 6, 1.0, 10, 12, 0.01, 0.01, 0.2, 5.0): (0.36103059581320435, 1.6333333333333333) in 14.67s
130/810 (5, 1000, 0.1, 2, 6, 1.0, 10, 12, 0.01, 0.01, 0.5, 0.2): (0.32012882447665053, 1.4) in 11.26s
131/810 (5, 1000, 0.1, 2, 6, 1.0, 10, 12, 0.01, 0.01, 0.5, 1.0): (0.3802254428341384, 2.2333333333333334) in 13.74s
132/810 (5, 1000, 0.1, 2, 6, 1.0, 10, 12, 0.01, 0.01, 0.5, 5.0): (0.3368760064412237, 1.2666666666666666) in 19.29s
133/810 (5, 1000, 0.1, 2, 6, 1.0, 10, 12, 0.01, 0.01, 0.75, 0.2): (0.43568438003220594, 1.8666666666666667) in 11.19s
134/810 (5, 1000, 0.1, 2, 6, 1.0, 10, 12, 0.01, 0.01, 0.75, 1.0): (0.4653140096618356, 2.3333333333333335) in 12.31s
135/810 (5, 1000, 0.1, 2, 6, 1.0, 10, 12, 0.01, 0.01, 0.75, 5.0): (0.39207729468599023, 1.5666666666666667) in 15.41s
136/810 (5, 1000, 0.1, 2, 6, 1.0, 10, 12, 0.01, 0.02, 0.2, 0.2): (0.5165539452495972, 2.033333333333333) in 13.10s
137/810 (5, 1000, 0.1, 2, 6, 1.0, 10, 12, 0.01, 0.02, 0.2, 1.0): (0.43761674718196447, 1.9333333333333333) in 23.57s
138/810 (5, 1000, 0.1, 2, 6, 1.0, 10, 12, 0.01, 0.02, 0.2, 5.0): (0.3665056360708533, 1.3333333333333333) in 26.47s
139/810 (5, 1000, 0.1, 2, 6, 1.0, 10, 12, 0.01, 0.02, 0.5, 0.2): (0.48317669448104217, 1.9) in 11.67s
140/810 (5, 1000, 0.1, 2, 6, 1.0, 10, 12, 0.01, 0.02, 0.5, 1.0): (0.4078260869565216, 1.7333333333333334) in 14.54s
141/810 (5, 1000, 0.1, 2, 6, 1.0, 10, 12, 0.01, 0.02, 0.5, 5.0): (0.36843800322061176, 1.3333333333333333) in 17.47s
142/810 (5, 1000, 0.1, 2, 6, 1.0, 10, 12, 0.01, 0.02, 0.75, 0.2): (0.48515297906602234, 1.7333333333333334) in 11.84s
143/810 (5, 1000, 0.1, 2, 6, 1.0, 10, 12, 0.01, 0.02, 0.75, 1.0): (0.35954911433172293, 1.6666666666666667) in 13.58s
144/810 (5, 1000, 0.1, 2, 6, 1.0, 10, 12, 0.01, 0.02, 0.75, 5.0): (0.3725925925925925, 1.6) in 15.96s
145/810 (5, 1000, 0.1, 2, 6, 1.0, 10, 12, 0.01, 0.05, 0.2, 0.2): (0.5888127653345043, 2.4) in 15.36s
146/810 (5, 1000, 0.1, 2, 6, 1.0, 10, 12, 0.01, 0.05, 0.2, 1.0): (0.526195286195286, 2.1333333333333333) in 26.39s
147/810 (5, 1000, 0.1, 2, 6, 1.0, 10, 12, 0.01, 0.05, 0.2, 5.0): (0.4039935587761673, 1.6) in 39.74s
148/810 (5, 1000, 0.1, 2, 6, 1.0, 10, 12, 0.01, 0.05, 0.5, 0.2): (0.5701771336553946, 1.9) in 13.05s
149/810 (5, 1000, 0.1, 2, 6, 1.0, 10, 12, 0.01, 0.05, 0.5, 1.0): (0.5265056360708533, 2.033333333333333) in 23.34s
150/810 (5, 1000, 0.1, 2, 6, 1.0, 10, 12, 0.01, 0.05, 0.5, 5.0): (0.4339650687476773, 1.7) in 29.73s
151/810 (5, 1000, 0.1, 2, 6, 1.0, 10, 12, 0.01, 0.05, 0.75, 0.2): (0.5533011272141706, 1.8333333333333333) in 13.10s
152/810 (5, 1000, 0.1, 2, 6, 1.0, 10, 12, 0.01, 0.05, 0.75, 1.0): (0.5113092789065328, 2.4) in 19.88s
153/810 (5, 1000, 0.1, 2, 6, 1.0, 10, 12, 0.01, 0.05, 0.75, 5.0): (0.41207729468599025, 2.1333333333333333) in 56.43s
154/810 (5, 1000, 0.1, 2, 6, 1.0, 10, 12, 0.01, 0.1, 0.2, 0.2): (0.5878260869565218, 2.3333333333333335) in 19.96s
155/810 (5, 1000, 0.1, 2, 6, 1.0, 10, 12, 0.01, 0.1, 0.2, 1.0): (0.6075362318840579, 2.3) in 20.48s
156/810 (5, 1000, 0.1, 2, 6, 1.0, 10, 12, 0.01, 0.1, 0.2, 5.0): (0.41288244766505616, 1.4333333333333333) in 44.01s
157/810 (5, 1000, 0.1, 2, 6, 1.0, 10, 12, 0.01, 0.1, 0.5, 0.2): (0.6099838969404185, 2.1333333333333333) in 16.34s
158/810 (5, 1000, 0.1, 2, 6, 1.0, 10, 12, 0.01, 0.1, 0.5, 1.0): (0.5424798711755232, 2.1) in 17.98s
159/810 (5, 1000, 0.1, 2, 6, 1.0, 10, 12, 0.01, 0.1, 0.5, 5.0): (0.4296296296296294, 1.4666666666666666) in 42.12s
160/810 (5, 1000, 0.1, 2, 6, 1.0, 10, 12, 0.01, 0.1, 0.75, 0.2): (0.5405997301649473, 1.9) in 15.26s
161/810 (5, 1000, 0.1, 2, 6, 1.0, 10, 12, 0.01, 0.1, 0.75, 1.0): (0.5659038901601828, 1.9) in 14.23s
162/810 (5, 1000, 0.1, 2, 6, 1.0, 10, 12, 0.01, 0.1, 0.75, 5.0): (0.4405592153418238, 1.8666666666666667) in 41.18s
163/810 (5, 1000, 0.1, 2, 6, 1.0, 10, 12, 0.02, 0.0, 0.2, 0.2): (0.50987922705314, 2.4) in 13.72s
164/810 (5, 1000, 0.1, 2, 6, 1.0, 10, 12, 0.02, 0.0, 0.2, 1.0): (0.3931254574732835, 2.066666666666667) in 16.16s
165/810 (5, 1000, 0.1, 2, 6, 1.0, 10, 12, 0.02, 0.0, 0.2, 5.0): (0.33119309032352506, 1.5333333333333334) in 11.40s
166/810 (5, 1000, 0.1, 2, 6, 1.0, 10, 12, 0.02, 0.0, 0.5, 0.2): (0.47327909144842756, 2.0) in 12.80s
167/810 (5, 1000, 0.1, 2, 6, 1.0, 10, 12, 0.02, 0.0, 0.5, 1.0): (0.3297584541062803, 1.5) in 11.98s
168/810 (5, 1000, 0.1, 2, 6, 1.0, 10, 12, 0.02, 0.0, 0.5, 5.0): (0.34309178743961355, 1.5666666666666667) in 23.16s
169/810 (5, 1000, 0.1, 2, 6, 1.0, 10, 12, 0.02, 0.0, 0.75, 0.2): (0.54634460547504, 1.9) in 13.08s
170/810 (5, 1000, 0.1, 2, 6, 1.0, 10, 12, 0.02, 0.0, 0.75, 1.0): (0.37642512077294676, 1.6) in 12.05s
171/810 (5, 1000, 0.1, 2, 6, 1.0, 10, 12, 0.02, 0.0, 0.75, 5.0): (0.3703235251061337, 1.6) in 16.34s
172/810 (5, 1000, 0.1, 2, 6, 1.0, 10, 12, 0.02, 0.001, 0.2, 0.2): (0.48309178743961334, 2.433333333333333) in 13.77s
173/810 (5, 1000, 0.1, 2, 6, 1.0, 10, 12, 0.02, 0.001, 0.2, 1.0): (0.3969843361147708, 1.6666666666666667) in 13.12s
174/810 (5, 1000, 0.1, 2, 6, 1.0, 10, 12, 0.02, 0.001, 0.2, 5.0): (0.3608695652173913, 1.4333333333333333) in 13.08s
175/810 (5, 1000, 0.1, 2, 6, 1.0, 10, 12, 0.02, 0.001, 0.5, 0.2): (0.4653140096618354, 1.8666666666666667) in 12.91s
176/810 (5, 1000, 0.1, 2, 6, 1.0, 10, 12, 0.02, 0.001, 0.5, 1.0): (0.3772800468452641, 2.033333333333333) in 11.79s
177/810 (5, 1000, 0.1, 2, 6, 1.0, 10, 12, 0.02, 0.001, 0.5, 5.0): (0.32012882447665053, 1.3) in 16.70s
178/810 (5, 1000, 0.1, 2, 6, 1.0, 10, 12, 0.02, 0.001, 0.75, 0.2): (0.4999677938808371, 1.8) in 12.80s
179/810 (5, 1000, 0.1, 2, 6, 1.0, 10, 12, 0.02, 0.001, 0.75, 1.0): (0.3823510466988727, 2.1333333333333333) in 11.39s
180/810 (5, 1000, 0.1, 2, 6, 1.0, 10, 12, 0.02, 0.001, 0.75, 5.0): (0.40901771336553927, 1.5666666666666667) in 15.79s
181/810 (5, 1000, 0.1, 2, 6, 1.0, 10, 12, 0.02, 0.01, 0.2, 0.2): (0.4890177133655393, 1.9333333333333333) in 14.25s
182/810 (5, 1000, 0.1, 2, 6, 1.0, 10, 12, 0.02, 0.01, 0.2, 1.0): (0.3889972185624358, 1.8) in 16.41s
183/810 (5, 1000, 0.1, 2, 6, 1.0, 10, 12, 0.02, 0.01, 0.2, 5.0): (0.36457326892109504, 1.3333333333333333) in 30.45s
184/810 (5, 1000, 0.1, 2, 6, 1.0, 10, 12, 0.02, 0.01, 0.5, 0.2): (0.47033816425120745, 2.0) in 13.79s
185/810 (5, 1000, 0.1, 2, 6, 1.0, 10, 12, 0.02, 0.01, 0.5, 1.0): (0.40576489533011256, 1.8333333333333333) in 15.31s
186/810 (5, 1000, 0.1, 2, 6, 1.0, 10, 12, 0.02, 0.01, 0.5, 5.0): (0.3499194847020933, 1.3666666666666667) in 27.91s
187/810 (5, 1000, 0.1, 2, 6, 1.0, 10, 12, 0.02, 0.01, 0.75, 0.2): (0.5069243156199676, 1.9666666666666666) in 13.33s
188/810 (5, 1000, 0.1, 2, 6, 1.0, 10, 12, 0.02, 0.01, 0.75, 1.0): (0.44678904991948454, 2.1333333333333333) in 12.98s
189/810 (5, 1000, 0.1, 2, 6, 1.0, 10, 12, 0.02, 0.01, 0.75, 5.0): (0.37552334943639276, 1.3666666666666667) in 15.53s
190/810 (5, 1000, 0.1, 2, 6, 1.0, 10, 12, 0.02, 0.02, 0.2, 0.2): (0.5503381642512076, 2.1333333333333333) in 16.04s
191/810 (5, 1000, 0.1, 2, 6, 1.0, 10, 12, 0.02, 0.02, 0.2, 1.0): (0.4979066022544282, 2.3333333333333335) in 20.42s
192/810 (5, 1000, 0.1, 2, 6, 1.0, 10, 12, 0.02, 0.02, 0.2, 5.0): (0.4162640901771335, 1.4666666666666666) in 19.36s
193/810 (5, 1000, 0.1, 2, 6, 1.0, 10, 12, 0.02, 0.02, 0.5, 0.2): (0.5756843800322059, 1.8666666666666667) in 15.63s
194/810 (5, 1000, 0.1, 2, 6, 1.0, 10, 12, 0.02, 0.02, 0.5, 1.0): (0.48103059581320434, 2.2333333333333334) in 15.85s
195/810 (5, 1000, 0.1, 2, 6, 1.0, 10, 12, 0.02, 0.02, 0.5, 5.0): (0.3576167471819644, 1.4666666666666666) in 22.59s
196/810 (5, 1000, 0.1, 2, 6, 1.0, 10, 12, 0.02, 0.02, 0.75, 0.2): (0.5759742351046698, 1.9666666666666666) in 14.34s
197/810 (5, 1000, 0.1, 2, 6, 1.0, 10, 12, 0.02, 0.02, 0.75, 1.0): (0.47426291904552753, 2.2) in 19.07s
198/810 (5, 1000, 0.1, 2, 6, 1.0, 10, 12, 0.02, 0.02, 0.75, 5.0): (0.33254574732835596, 1.9) in 15.49s
199/810 (5, 1000, 0.1, 2, 6, 1.0, 10, 12, 0.02, 0.05, 0.2, 0.2): (0.644122383252818, 2.1333333333333333) in 20.87s
200/810 (5, 1000, 0.1, 2, 6, 1.0, 10, 12, 0.02, 0.05, 0.2, 1.0): (0.5422397891963108, 2.6333333333333333) in 25.47s
201/810 (5, 1000, 0.1, 2, 6, 1.0, 10, 12, 0.02, 0.05, 0.2, 5.0): (0.47613526570048287, 1.7) in 32.90s
202/810 (5, 1000, 0.1, 2, 6, 1.0, 10, 12, 0.02, 0.05, 0.5, 0.2): (0.56231884057971, 1.8666666666666667) in 17.25s
203/810 (5, 1000, 0.1, 2, 6, 1.0, 10, 12, 0.02, 0.05, 0.5, 1.0): (0.5838325281803541, 2.1666666666666665) in 22.96s
204/810 (5, 1000, 0.1, 2, 6, 1.0, 10, 12, 0.02, 0.05, 0.5, 5.0): (0.42547999504521233, 1.5) in 28.47s
205/810 (5, 1000, 0.1, 2, 6, 1.0, 10, 12, 0.02, 0.05, 0.75, 0.2): (0.6126892109500806, 2.2333333333333334) in 15.97s
206/810 (5, 1000, 0.1, 2, 6, 1.0, 10, 12, 0.02, 0.05, 0.75, 1.0): (0.5127214170692429, 2.033333333333333) in 16.68s
207/810 (5, 1000, 0.1, 2, 6, 1.0, 10, 12, 0.02, 0.05, 0.75, 5.0): (0.4503703703703701, 1.5666666666666667) in 51.62s
208/810 (5, 1000, 0.1, 2, 6, 1.0, 10, 12, 0.02, 0.1, 0.2, 0.2): (0.6254428341384863, 2.1) in 25.96s
209/810 (5, 1000, 0.1, 2, 6, 1.0, 10, 12, 0.02, 0.1, 0.2, 1.0): (0.5709500805152977, 2.066666666666667) in 19.59s
210/810 (5, 1000, 0.1, 2, 6, 1.0, 10, 12, 0.02, 0.1, 0.2, 5.0): (0.5087278582930754, 1.6666666666666667) in 58.80s
211/810 (5, 1000, 0.1, 2, 6, 1.0, 10, 12, 0.02, 0.1, 0.5, 0.2): (0.6233494363929146, 2.1666666666666665) in 20.97s
212/810 (5, 1000, 0.1, 2, 6, 1.0, 10, 12, 0.02, 0.1, 0.5, 1.0): (0.5294685990338162, 1.9) in 14.31s
213/810 (5, 1000, 0.1, 2, 6, 1.0, 10, 12, 0.02, 0.1, 0.5, 5.0): (0.4262157809983896, 1.5666666666666667) in 45.19s
214/810 (5, 1000, 0.1, 2, 6, 1.0, 10, 12, 0.02, 0.1, 0.75, 0.2): (0.5900161030595812, 1.9333333333333333) in 19.10s
215/810 (5, 1000, 0.1, 2, 6, 1.0, 10, 12, 0.02, 0.1, 0.75, 1.0): (0.5867954911433171, 1.9) in 16.82s
216/810 (5, 1000, 0.1, 2, 6, 1.0, 10, 12, 0.02, 0.1, 0.75, 5.0): (0.4562962962962961, 1.7333333333333334) in 55.16s
217/810 (5, 1000, 0.1, 2, 6, 1.0, 10, 12, 0.05, 0.0, 0.2, 0.2): (0.5652818035426731, 2.9) in 28.33s
218/810 (5, 1000, 0.1, 2, 6, 1.0, 10, 12, 0.05, 0.0, 0.2, 1.0): (0.4984756797571441, 2.3) in 19.91s
219/810 (5, 1000, 0.1, 2, 6, 1.0, 10, 12, 0.05, 0.0, 0.2, 5.0): (0.3845410628019324, 1.5333333333333334) in 18.39s
220/810 (5, 1000, 0.1, 2, 6, 1.0, 10, 12, 0.05, 0.0, 0.5, 0.2): (0.5926892109500805, 2.466666666666667) in 23.09s
221/810 (5, 1000, 0.1, 2, 6, 1.0, 10, 12, 0.05, 0.0, 0.5, 1.0): (0.4675882571534743, 1.8) in 19.75s
222/810 (5, 1000, 0.1, 2, 6, 1.0, 10, 12, 0.05, 0.0, 0.5, 5.0): (0.4647020933977454, 1.8333333333333333) in 18.74s
223/810 (5, 1000, 0.1, 2, 6, 1.0, 10, 12, 0.05, 0.0, 0.75, 0.2): (0.6570048309178745, 2.2333333333333334) in 22.59s
224/810 (5, 1000, 0.1, 2, 6, 1.0, 10, 12, 0.05, 0.0, 0.75, 1.0): (0.5026409017713366, 2.2666666666666666) in 19.17s
225/810 (5, 1000, 0.1, 2, 6, 1.0, 10, 12, 0.05, 0.0, 0.75, 5.0): (0.4268774703557312, 1.6) in 19.77s
226/810 (5, 1000, 0.1, 2, 6, 1.0, 10, 12, 0.05, 0.001, 0.2, 0.2): (0.570305958132045, 2.6) in 26.14s
227/810 (5, 1000, 0.1, 2, 6, 1.0, 10, 12, 0.05, 0.001, 0.2, 1.0): (0.5019001610305955, 2.0) in 21.20s
228/810 (5, 1000, 0.1, 2, 6, 1.0, 10, 12, 0.05, 0.001, 0.2, 5.0): (0.4666344605475038, 1.9666666666666666) in 19.68s
229/810 (5, 1000, 0.1, 2, 6, 1.0, 10, 12, 0.05, 0.001, 0.5, 0.2): (0.6184863123993558, 2.2666666666666666) in 23.19s
230/810 (5, 1000, 0.1, 2, 6, 1.0, 10, 12, 0.05, 0.001, 0.5, 1.0): (0.5316586151368757, 2.1333333333333333) in 18.02s
231/810 (5, 1000, 0.1, 2, 6, 1.0, 10, 12, 0.05, 0.001, 0.5, 5.0): (0.4769565217391303, 1.9) in 26.11s
232/810 (5, 1000, 0.1, 2, 6, 1.0, 10, 12, 0.05, 0.001, 0.75, 0.2): (0.6204186795491143, 2.033333333333333) in 21.88s
233/810 (5, 1000, 0.1, 2, 6, 1.0, 10, 12, 0.05, 0.001, 0.75, 1.0): (0.552270531400966, 2.033333333333333) in 17.78s
234/810 (5, 1000, 0.1, 2, 6, 1.0, 10, 12, 0.05, 0.001, 0.75, 5.0): (0.423832528180354, 1.5333333333333334) in 114.40s
235/810 (5, 1000, 0.1, 2, 6, 1.0, 10, 12, 0.05, 0.01, 0.2, 0.2): (0.6472270531400967, 2.533333333333333) in 27.92s
236/810 (5, 1000, 0.1, 2, 6, 1.0, 10, 12, 0.05, 0.01, 0.2, 1.0): (0.5365539452495972, 1.7666666666666666) in 25.55s
237/810 (5, 1000, 0.1, 2, 6, 1.0, 10, 12, 0.05, 0.01, 0.2, 5.0): (0.3755233494363928, 1.3666666666666667) in 20.28s
238/810 (5, 1000, 0.1, 2, 6, 1.0, 10, 12, 0.05, 0.01, 0.5, 0.2): (0.6333011272141708, 2.3666666666666667) in 24.29s
239/810 (5, 1000, 0.1, 2, 6, 1.0, 10, 12, 0.05, 0.01, 0.5, 1.0): (0.5446537842190015, 1.9) in 22.70s
240/810 (5, 1000, 0.1, 2, 6, 1.0, 10, 12, 0.05, 0.01, 0.5, 5.0): (0.44729468599033806, 1.7666666666666666) in 25.93s
241/810 (5, 1000, 0.1, 2, 6, 1.0, 10, 12, 0.05, 0.01, 0.75, 0.2): (0.6312399355877616, 2.1) in 22.76s
242/810 (5, 1000, 0.1, 2, 6, 1.0, 10, 12, 0.05, 0.01, 0.75, 1.0): (0.533280632411067, 2.1333333333333333) in 20.93s
243/810 (5, 1000, 0.1, 2, 6, 1.0, 10, 12, 0.05, 0.01, 0.75, 5.0): (0.41803542673107874, 1.4666666666666666) in 19.77s
244/810 (5, 1000, 0.1, 2, 6, 1.0, 10, 12, 0.05, 0.02, 0.2, 0.2): (0.6272141706924317, 2.2) in 30.68s
245/810 (5, 1000, 0.1, 2, 6, 1.0, 10, 12, 0.05, 0.02, 0.2, 1.0): (0.6094685990338163, 2.3666666666666667) in 25.78s
246/810 (5, 1000, 0.1, 2, 6, 1.0, 10, 12, 0.05, 0.02, 0.2, 5.0): (0.46041867954911425, 1.6333333333333333) in 36.18s
247/810 (5, 1000, 0.1, 2, 6, 1.0, 10, 12, 0.05, 0.02, 0.5, 0.2): (0.6421900161030596, 2.2) in 25.81s
248/810 (5, 1000, 0.1, 2, 6, 1.0, 10, 12, 0.05, 0.02, 0.5, 1.0): (0.5808695652173912, 2.2) in 25.69s
249/810 (5, 1000, 0.1, 2, 6, 1.0, 10, 12, 0.05, 0.02, 0.5, 5.0): (0.48708534621578076, 1.7) in 26.05s
250/810 (5, 1000, 0.1, 2, 6, 1.0, 10, 12, 0.05, 0.02, 0.75, 0.2): (0.6531400966183577, 2.2666666666666666) in 24.46s
251/810 (5, 1000, 0.1, 2, 6, 1.0, 10, 12, 0.05, 0.02, 0.75, 1.0): (0.6075362318840579, 2.1) in 23.78s
252/810 (5, 1000, 0.1, 2, 6, 1.0, 10, 12, 0.05, 0.02, 0.75, 5.0): (0.44457326892109467, 1.6) in 25.04s
253/810 (5, 1000, 0.1, 2, 6, 1.0, 10, 12, 0.05, 0.05, 0.2, 0.2): (0.6579710144927537, 2.2) in 38.81s
254/810 (5, 1000, 0.1, 2, 6, 1.0, 10, 12, 0.05, 0.05, 0.2, 1.0): (0.6282769726247985, 2.2) in 40.76s
255/810 (5, 1000, 0.1, 2, 6, 1.0, 10, 12, 0.05, 0.05, 0.2, 5.0): (0.4663446054750401, 1.6333333333333333) in 47.57s
256/810 (5, 1000, 0.1, 2, 6, 1.0, 10, 12, 0.05, 0.05, 0.5, 0.2): (0.6521739130434784, 2.4) in 29.02s
257/810 (5, 1000, 0.1, 2, 6, 1.0, 10, 12, 0.05, 0.05, 0.5, 1.0): (0.6352334943639292, 2.1) in 26.71s
258/810 (5, 1000, 0.1, 2, 6, 1.0, 10, 12, 0.05, 0.05, 0.5, 5.0): (0.48132045088566805, 1.7) in 39.52s
259/810 (5, 1000, 0.1, 2, 6, 1.0, 10, 12, 0.05, 0.05, 0.75, 0.2): (0.6273752012882449, 2.033333333333333) in 26.85s
260/810 (5, 1000, 0.1, 2, 6, 1.0, 10, 12, 0.05, 0.05, 0.75, 1.0): (0.634021373151808, 2.1333333333333333) in 24.04s
261/810 (5, 1000, 0.1, 2, 6, 1.0, 10, 12, 0.05, 0.05, 0.75, 5.0): (0.5304991948470208, 2.1) in 42.84s
262/810 (5, 1000, 0.1, 2, 6, 1.0, 10, 12, 0.05, 0.1, 0.2, 0.2): (0.6481159420289856, 2.1333333333333333) in 46.49s
263/810 (5, 1000, 0.1, 2, 6, 1.0, 10, 12, 0.05, 0.1, 0.2, 1.0): (0.6204186795491144, 1.9666666666666666) in 25.10s
264/810 (5, 1000, 0.1, 2, 6, 1.0, 10, 12, 0.05, 0.1, 0.2, 5.0): (0.5721417069243154, 1.8333333333333333) in 69.02s
265/810 (5, 1000, 0.1, 2, 6, 1.0, 10, 12, 0.05, 0.1, 0.5, 0.2): (0.597745571658615, 2.1) in 33.99s
266/810 (5, 1000, 0.1, 2, 6, 1.0, 10, 12, 0.05, 0.1, 0.5, 1.0): (0.647987117552335, 2.033333333333333) in 22.24s
267/810 (5, 1000, 0.1, 2, 6, 1.0, 10, 12, 0.05, 0.1, 0.5, 5.0): (0.5057648953301126, 1.7666666666666666) in 61.10s
268/810 (5, 1000, 0.1, 2, 6, 1.0, 10, 12, 0.05, 0.1, 0.75, 0.2): (0.6313687600644122, 2.2) in 31.28s
269/810 (5, 1000, 0.1, 2, 6, 1.0, 10, 12, 0.05, 0.1, 0.75, 1.0): (0.6518518518518518, 1.9666666666666666) in 20.46s
270/810 (5, 1000, 0.1, 2, 6, 1.0, 10, 12, 0.05, 0.1, 0.75, 5.0): (0.5205797101449273, 1.9333333333333333) in 59.36s
271/810 (5, 1000, 0.1, 2, 6, 6.0, 10, 12, 0.0, 0.0, 0.2, 0.2): (0.2793675889328064, 2.1333333333333333) in 9.60s
272/810 (5, 1000, 0.1, 2, 6, 6.0, 10, 12, 0.0, 0.0, 0.2, 1.0): (0.282512077294686, 2.033333333333333) in 9.45s
273/810 (5, 1000, 0.1, 2, 6, 6.0, 10, 12, 0.0, 0.0, 0.2, 5.0): (0.3288420436246523, 1.7) in 9.46s
274/810 (5, 1000, 0.1, 2, 6, 6.0, 10, 12, 0.0, 0.0, 0.5, 0.2): (0.29474161908944524, 2.0) in 9.16s
275/810 (5, 1000, 0.1, 2, 6, 6.0, 10, 12, 0.0, 0.0, 0.5, 1.0): (0.31977162933684666, 1.8333333333333333) in 10.51s
276/810 (5, 1000, 0.1, 2, 6, 6.0, 10, 12, 0.0, 0.0, 0.5, 5.0): (0.28188552188552196, 1.5) in 11.28s
277/810 (5, 1000, 0.1, 2, 6, 6.0, 10, 12, 0.0, 0.0, 0.75, 0.2): (0.2610101010101011, 2.1333333333333333) in 9.48s
278/810 (5, 1000, 0.1, 2, 6, 6.0, 10, 12, 0.0, 0.0, 0.75, 1.0): (0.31999999999999995, 1.9333333333333333) in 9.61s
279/810 (5, 1000, 0.1, 2, 6, 6.0, 10, 12, 0.0, 0.0, 0.75, 5.0): (0.3077441077441077, 1.6) in 10.43s
280/810 (5, 1000, 0.1, 2, 6, 6.0, 10, 12, 0.0, 0.001, 0.2, 0.2): (0.26251207729468606, 2.4) in 9.18s
281/810 (5, 1000, 0.1, 2, 6, 6.0, 10, 12, 0.0, 0.001, 0.2, 1.0): (0.2621132168958257, 1.5333333333333334) in 9.62s
282/810 (5, 1000, 0.1, 2, 6, 6.0, 10, 12, 0.0, 0.001, 0.2, 5.0): (0.2992592592592593, 1.6666666666666667) in 21.82s
283/810 (5, 1000, 0.1, 2, 6, 6.0, 10, 12, 0.0, 0.001, 0.5, 0.2): (0.24296296296296305, 2.033333333333333) in 9.36s
284/810 (5, 1000, 0.1, 2, 6, 6.0, 10, 12, 0.0, 0.001, 0.5, 1.0): (0.29771043771043776, 2.433333333333333) in 9.55s
285/810 (5, 1000, 0.1, 2, 6, 6.0, 10, 12, 0.0, 0.001, 0.5, 5.0): (0.3466666666666667, 1.5) in 17.07s
286/810 (5, 1000, 0.1, 2, 6, 6.0, 10, 12, 0.0, 0.001, 0.75, 0.2): (0.27965933848286795, 1.6333333333333333) in 9.23s
287/810 (5, 1000, 0.1, 2, 6, 6.0, 10, 12, 0.0, 0.001, 0.75, 1.0): (0.35407407407407404, 2.2) in 9.92s
288/810 (5, 1000, 0.1, 2, 6, 6.0, 10, 12, 0.0, 0.001, 0.75, 5.0): (0.35868945868945856, 1.7333333333333334) in 14.73s
289/810 (5, 1000, 0.1, 2, 6, 6.0, 10, 12, 0.0, 0.01, 0.2, 0.2): (0.3442028985507246, 1.7666666666666666) in 9.85s
290/810 (5, 1000, 0.1, 2, 6, 6.0, 10, 12, 0.0, 0.01, 0.2, 1.0): (0.3862157809983896, 1.7333333333333334) in 28.97s
291/810 (5, 1000, 0.1, 2, 6, 6.0, 10, 12, 0.0, 0.01, 0.2, 5.0): (0.3753740301566388, 1.6666666666666667) in 38.18s
292/810 (5, 1000, 0.1, 2, 6, 6.0, 10, 12, 0.0, 0.01, 0.5, 0.2): (0.2617713365539453, 1.2333333333333334) in 9.74s
293/810 (5, 1000, 0.1, 2, 6, 6.0, 10, 12, 0.0, 0.01, 0.5, 1.0): (0.3395491143317229, 1.8666666666666667) in 9.98s
294/810 (5, 1000, 0.1, 2, 6, 6.0, 10, 12, 0.0, 0.01, 0.5, 5.0): (0.3174603174603174, 1.2333333333333334) in 15.10s
295/810 (5, 1000, 0.1, 2, 6, 6.0, 10, 12, 0.0, 0.01, 0.75, 0.2): (0.30399355877616746, 1.9) in 10.02s
296/810 (5, 1000, 0.1, 2, 6, 6.0, 10, 12, 0.0, 0.01, 0.75, 1.0): (0.3457004830917874, 2.3333333333333335) in 9.80s
297/810 (5, 1000, 0.1, 2, 6, 6.0, 10, 12, 0.0, 0.01, 0.75, 5.0): (0.37301587301587275, 1.4666666666666666) in 13.46s
298/810 (5, 1000, 0.1, 2, 6, 6.0, 10, 12, 0.0, 0.02, 0.2, 0.2): (0.3319806763285023, 1.7333333333333334) in 10.80s
299/810 (5, 1000, 0.1, 2, 6, 6.0, 10, 12, 0.0, 0.02, 0.2, 1.0): (0.40925925925925905, 1.8) in 16.49s
300/810 (5, 1000, 0.1, 2, 6, 6.0, 10, 12, 0.0, 0.02, 0.2, 5.0): (0.3706318082788668, 1.4666666666666666) in 15.79s
301/810 (5, 1000, 0.1, 2, 6, 6.0, 10, 12, 0.0, 0.02, 0.5, 0.2): (0.27465378421900166, 1.4333333333333333) in 9.91s
302/810 (5, 1000, 0.1, 2, 6, 6.0, 10, 12, 0.0, 0.02, 0.5, 1.0): (0.359549114331723, 2.2) in 11.24s
303/810 (5, 1000, 0.1, 2, 6, 6.0, 10, 12, 0.0, 0.02, 0.5, 5.0): (0.3750841750841749, 1.4666666666666666) in 16.63s
304/810 (5, 1000, 0.1, 2, 6, 6.0, 10, 12, 0.0, 0.02, 0.75, 0.2): (0.29037037037037033, 1.8333333333333333) in 9.76s
305/810 (5, 1000, 0.1, 2, 6, 6.0, 10, 12, 0.0, 0.02, 0.75, 1.0): (0.40412238325281785, 2.2666666666666666) in 13.13s
306/810 (5, 1000, 0.1, 2, 6, 6.0, 10, 12, 0.0, 0.02, 0.75, 5.0): (0.31703703703703706, 1.3) in 14.91s
307/810 (5, 1000, 0.1, 2, 6, 6.0, 10, 12, 0.0, 0.05, 0.2, 0.2): (0.45521299956082556, 1.9666666666666666) in 11.74s
308/810 (5, 1000, 0.1, 2, 6, 6.0, 10, 12, 0.0, 0.05, 0.2, 1.0): (0.4472258820084904, 1.7333333333333334) in 23.17s
309/810 (5, 1000, 0.1, 2, 6, 6.0, 10, 12, 0.0, 0.05, 0.2, 5.0): (0.376296296296296, 1.5666666666666667) in 28.79s
310/810 (5, 1000, 0.1, 2, 6, 6.0, 10, 12, 0.0, 0.05, 0.5, 0.2): (0.2795491143317231, 1.4333333333333333) in 10.00s
311/810 (5, 1000, 0.1, 2, 6, 6.0, 10, 12, 0.0, 0.05, 0.5, 1.0): (0.3674074074074072, 1.5666666666666667) in 16.91s
312/810 (5, 1000, 0.1, 2, 6, 6.0, 10, 12, 0.0, 0.05, 0.5, 5.0): (0.41185185185185164, 1.7) in 37.24s
313/810 (5, 1000, 0.1, 2, 6, 6.0, 10, 12, 0.0, 0.05, 0.75, 0.2): (0.3070648514126775, 2.033333333333333) in 9.90s
314/810 (5, 1000, 0.1, 2, 6, 6.0, 10, 12, 0.0, 0.05, 0.75, 1.0): (0.3959742351046697, 2.0) in 17.75s
315/810 (5, 1000, 0.1, 2, 6, 6.0, 10, 12, 0.0, 0.05, 0.75, 5.0): (0.4503703703703702, 1.6666666666666667) in 31.04s
316/810 (5, 1000, 0.1, 2, 6, 6.0, 10, 12, 0.0, 0.1, 0.2, 0.2): (0.3410506158332244, 1.8) in 11.17s
317/810 (5, 1000, 0.1, 2, 6, 6.0, 10, 12, 0.0, 0.1, 0.2, 1.0): (0.5402371541501976, 2.8333333333333335) in 20.97s
318/810 (5, 1000, 0.1, 2, 6, 6.0, 10, 12, 0.0, 0.1, 0.2, 5.0): (0.533333333333333, 1.7666666666666666) in 68.18s
319/810 (5, 1000, 0.1, 2, 6, 6.0, 10, 12, 0.0, 0.1, 0.5, 0.2): (0.32870736348997215, 1.7) in 10.80s
320/810 (5, 1000, 0.1, 2, 6, 6.0, 10, 12, 0.0, 0.1, 0.5, 1.0): (0.47330112721417067, 2.1333333333333333) in 18.85s
321/810 (5, 1000, 0.1, 2, 6, 6.0, 10, 12, 0.0, 0.1, 0.5, 5.0): (0.37629629629629613, 1.4333333333333333) in 41.17s
322/810 (5, 1000, 0.1, 2, 6, 6.0, 10, 12, 0.0, 0.1, 0.75, 0.2): (0.3002898550724637, 1.5666666666666667) in 10.18s
323/810 (5, 1000, 0.1, 2, 6, 6.0, 10, 12, 0.0, 0.1, 0.75, 1.0): (0.44856682769726236, 1.8) in 18.66s
324/810 (5, 1000, 0.1, 2, 6, 6.0, 10, 12, 0.0, 0.1, 0.75, 5.0): (0.4911111111111109, 1.8) in 44.97s
325/810 (5, 1000, 0.1, 2, 6, 6.0, 10, 12, 0.001, 0.0, 0.2, 0.2): (0.2628539576365664, 2.6666666666666665) in 9.77s
326/810 (5, 1000, 0.1, 2, 6, 6.0, 10, 12, 0.001, 0.0, 0.2, 1.0): (0.2852261747913923, 2.3666666666666667) in 9.84s
327/810 (5, 1000, 0.1, 2, 6, 6.0, 10, 12, 0.001, 0.0, 0.2, 5.0): (0.32632996632996636, 1.6333333333333333) in 11.82s
328/810 (5, 1000, 0.1, 2, 6, 6.0, 10, 12, 0.001, 0.0, 0.5, 0.2): (0.2353535353535354, 1.8666666666666667) in 9.24s
329/810 (5, 1000, 0.1, 2, 6, 6.0, 10, 12, 0.001, 0.0, 0.5, 1.0): (0.2973268921095008, 1.6666666666666667) in 10.11s
330/810 (5, 1000, 0.1, 2, 6, 6.0, 10, 12, 0.001, 0.0, 0.5, 5.0): (0.37271173271173264, 2.0) in 16.83s
331/810 (5, 1000, 0.1, 2, 6, 6.0, 10, 12, 0.001, 0.0, 0.75, 0.2): (0.2582930756843801, 2.2333333333333334) in 9.05s
332/810 (5, 1000, 0.1, 2, 6, 6.0, 10, 12, 0.001, 0.0, 0.75, 1.0): (0.3012794612794612, 1.8666666666666667) in 9.74s
333/810 (5, 1000, 0.1, 2, 6, 6.0, 10, 12, 0.001, 0.0, 0.75, 5.0): (0.350660225442834, 1.7) in 10.39s
334/810 (5, 1000, 0.1, 2, 6, 6.0, 10, 12, 0.001, 0.001, 0.2, 0.2): (0.27288244766505637, 2.533333333333333) in 9.80s
335/810 (5, 1000, 0.1, 2, 6, 6.0, 10, 12, 0.001, 0.001, 0.2, 1.0): (0.37061338017859763, 2.1333333333333333) in 13.42s
336/810 (5, 1000, 0.1, 2, 6, 6.0, 10, 12, 0.001, 0.001, 0.2, 5.0): (0.3465056360708534, 1.8) in 10.71s
337/810 (5, 1000, 0.1, 2, 6, 6.0, 10, 12, 0.001, 0.001, 0.5, 0.2): (0.26996632996633, 2.2333333333333334) in 9.34s
338/810 (5, 1000, 0.1, 2, 6, 6.0, 10, 12, 0.001, 0.001, 0.5, 1.0): (0.3417713365539452, 1.7666666666666666) in 11.30s
339/810 (5, 1000, 0.1, 2, 6, 6.0, 10, 12, 0.001, 0.001, 0.5, 5.0): (0.3255892255892255, 1.7333333333333334) in 58.10s
340/810 (5, 1000, 0.1, 2, 6, 6.0, 10, 12, 0.001, 0.001, 0.75, 0.2): (0.2666666666666667, 1.7333333333333334) in 9.06s
341/810 (5, 1000, 0.1, 2, 6, 6.0, 10, 12, 0.001, 0.001, 0.75, 1.0): (0.3436026936026935, 2.533333333333333) in 9.69s
342/810 (5, 1000, 0.1, 2, 6, 6.0, 10, 12, 0.001, 0.001, 0.75, 5.0): (0.37429951690821256, 1.7333333333333334) in 21.70s
343/810 (5, 1000, 0.1, 2, 6, 6.0, 10, 12, 0.001, 0.01, 0.2, 0.2): (0.36065700483091767, 2.066666666666667) in 9.76s
344/810 (5, 1000, 0.1, 2, 6, 6.0, 10, 12, 0.001, 0.01, 0.2, 1.0): (0.4119317643614318, 2.433333333333333) in 19.46s
345/810 (5, 1000, 0.1, 2, 6, 6.0, 10, 12, 0.001, 0.01, 0.2, 5.0): (0.3091787439613526, 1.3333333333333333) in 16.53s
346/810 (5, 1000, 0.1, 2, 6, 6.0, 10, 12, 0.001, 0.01, 0.5, 0.2): (0.2803981847460109, 1.7333333333333334) in 9.80s
347/810 (5, 1000, 0.1, 2, 6, 6.0, 10, 12, 0.001, 0.01, 0.5, 1.0): (0.33095008051529795, 2.0) in 10.76s
348/810 (5, 1000, 0.1, 2, 6, 6.0, 10, 12, 0.001, 0.01, 0.5, 5.0): (0.4348148148148146, 1.6666666666666667) in 22.06s
349/810 (5, 1000, 0.1, 2, 6, 6.0, 10, 12, 0.001, 0.01, 0.75, 0.2): (0.3000862939078042, 1.9) in 9.84s
350/810 (5, 1000, 0.1, 2, 6, 6.0, 10, 12, 0.001, 0.01, 0.75, 1.0): (0.3161667961667961, 2.0) in 11.33s
351/810 (5, 1000, 0.1, 2, 6, 6.0, 10, 12, 0.001, 0.01, 0.75, 5.0): (0.33185185185185173, 1.3666666666666667) in 31.88s
352/810 (5, 1000, 0.1, 2, 6, 6.0, 10, 12, 0.001, 0.02, 0.2, 0.2): (0.402039155860666, 2.466666666666667) in 10.39s
353/810 (5, 1000, 0.1, 2, 6, 6.0, 10, 12, 0.001, 0.02, 0.2, 1.0): (0.4444224086787013, 2.2333333333333334) in 19.77s
354/810 (5, 1000, 0.1, 2, 6, 6.0, 10, 12, 0.001, 0.02, 0.2, 5.0): (0.4289892962015722, 1.7666666666666666) in 31.98s
355/810 (5, 1000, 0.1, 2, 6, 6.0, 10, 12, 0.001, 0.02, 0.5, 0.2): (0.3220611916264089, 1.3333333333333333) in 9.69s
356/810 (5, 1000, 0.1, 2, 6, 6.0, 10, 12, 0.001, 0.02, 0.5, 1.0): (0.38217537695798537, 2.033333333333333) in 13.66s
357/810 (5, 1000, 0.1, 2, 6, 6.0, 10, 12, 0.001, 0.02, 0.5, 5.0): (0.2962962962962962, 1.1666666666666667) in 15.88s
358/810 (5, 1000, 0.1, 2, 6, 6.0, 10, 12, 0.001, 0.02, 0.75, 0.2): (0.25391304347826094, 1.5666666666666667) in 9.64s
359/810 (5, 1000, 0.1, 2, 6, 6.0, 10, 12, 0.001, 0.02, 0.75, 1.0): (0.2895238095238096, 2.2333333333333334) in 9.30s
360/810 (5, 1000, 0.1, 2, 6, 6.0, 10, 12, 0.001, 0.02, 0.75, 5.0): (0.34074074074074073, 1.2666666666666666) in 14.97s
361/810 (5, 1000, 0.1, 2, 6, 6.0, 10, 12, 0.001, 0.05, 0.2, 0.2): (0.39171424388815673, 2.0) in 11.22s
362/810 (5, 1000, 0.1, 2, 6, 6.0, 10, 12, 0.001, 0.05, 0.2, 1.0): (0.5000241545893718, 2.6) in 16.65s
363/810 (5, 1000, 0.1, 2, 6, 6.0, 10, 12, 0.001, 0.05, 0.2, 5.0): (0.5294685990338162, 1.8) in 58.37s
364/810 (5, 1000, 0.1, 2, 6, 6.0, 10, 12, 0.001, 0.05, 0.5, 0.2): (0.35909601204795716, 2.0) in 10.27s
365/810 (5, 1000, 0.1, 2, 6, 6.0, 10, 12, 0.001, 0.05, 0.5, 1.0): (0.3927009222661395, 2.2333333333333334) in 18.31s
366/810 (5, 1000, 0.1, 2, 6, 6.0, 10, 12, 0.001, 0.05, 0.5, 5.0): (0.45092958571219416, 2.066666666666667) in 42.09s
367/810 (5, 1000, 0.1, 2, 6, 6.0, 10, 12, 0.001, 0.05, 0.75, 0.2): (0.283464458247067, 1.9) in 9.98s
368/810 (5, 1000, 0.1, 2, 6, 6.0, 10, 12, 0.001, 0.05, 0.75, 1.0): (0.391829816086109, 2.6333333333333333) in 15.90s
369/810 (5, 1000, 0.1, 2, 6, 6.0, 10, 12, 0.001, 0.05, 0.75, 5.0): (0.44444444444444414, 1.5) in 28.74s
370/810 (5, 1000, 0.1, 2, 6, 6.0, 10, 12, 0.001, 0.1, 0.2, 0.2): (0.43091787439613505, 1.6333333333333333) in 12.05s
371/810 (5, 1000, 0.1, 2, 6, 6.0, 10, 12, 0.001, 0.1, 0.2, 1.0): (0.5611594202898549, 2.566666666666667) in 20.35s
372/810 (5, 1000, 0.1, 2, 6, 6.0, 10, 12, 0.001, 0.1, 0.2, 5.0): (0.533333333333333, 1.9) in 73.12s
373/810 (5, 1000, 0.1, 2, 6, 6.0, 10, 12, 0.001, 0.1, 0.5, 0.2): (0.3112399355877616, 1.5333333333333334) in 10.57s
374/810 (5, 1000, 0.1, 2, 6, 6.0, 10, 12, 0.001, 0.1, 0.5, 1.0): (0.4564757303887736, 1.9333333333333333) in 10.35s
375/810 (5, 1000, 0.1, 2, 6, 6.0, 10, 12, 0.001, 0.1, 0.5, 5.0): (0.41481481481481464, 1.5) in 43.52s
376/810 (5, 1000, 0.1, 2, 6, 6.0, 10, 12, 0.001, 0.1, 0.75, 0.2): (0.27465378421900166, 1.6) in 10.26s
377/810 (5, 1000, 0.1, 2, 6, 6.0, 10, 12, 0.001, 0.1, 0.75, 1.0): (0.4199268042746303, 2.1) in 10.14s
378/810 (5, 1000, 0.1, 2, 6, 6.0, 10, 12, 0.001, 0.1, 0.75, 5.0): (0.42074074074074047, 1.6) in 39.09s
379/810 (5, 1000, 0.1, 2, 6, 6.0, 10, 12, 0.01, 0.0, 0.2, 0.2): (0.3694685990338164, 1.9666666666666666) in 11.06s
380/810 (5, 1000, 0.1, 2, 6, 6.0, 10, 12, 0.01, 0.0, 0.2, 1.0): (0.30101010101010106, 1.7333333333333334) in 12.17s
381/810 (5, 1000, 0.1, 2, 6, 6.0, 10, 12, 0.01, 0.0, 0.2, 5.0): (0.3266072092159048, 1.5) in 17.55s
382/810 (5, 1000, 0.1, 2, 6, 6.0, 10, 12, 0.01, 0.0, 0.5, 0.2): (0.35272141706924304, 2.033333333333333) in 11.31s
383/810 (5, 1000, 0.1, 2, 6, 6.0, 10, 12, 0.01, 0.0, 0.5, 1.0): (0.34655540916410477, 1.8) in 12.63s
384/810 (5, 1000, 0.1, 2, 6, 6.0, 10, 12, 0.01, 0.0, 0.5, 5.0): (0.3599999999999998, 1.8333333333333333) in 15.54s
385/810 (5, 1000, 0.1, 2, 6, 6.0, 10, 12, 0.01, 0.0, 0.75, 0.2): (0.32412238325281806, 1.4) in 11.39s
386/810 (5, 1000, 0.1, 2, 6, 6.0, 10, 12, 0.01, 0.0, 0.75, 1.0): (0.3578781850904612, 1.6333333333333333) in 10.51s
387/810 (5, 1000, 0.1, 2, 6, 6.0, 10, 12, 0.01, 0.0, 0.75, 5.0): (0.3377777777777777, 1.4666666666666666) in 20.11s
388/810 (5, 1000, 0.1, 2, 6, 6.0, 10, 12, 0.01, 0.001, 0.2, 0.2): (0.35827697262479874, 2.1333333333333333) in 11.70s
389/810 (5, 1000, 0.1, 2, 6, 6.0, 10, 12, 0.01, 0.001, 0.2, 1.0): (0.3639659535311708, 1.6) in 11.48s
390/810 (5, 1000, 0.1, 2, 6, 6.0, 10, 12, 0.01, 0.001, 0.2, 5.0): (0.38296791775052613, 1.7) in 13.40s
391/810 (5, 1000, 0.1, 2, 6, 6.0, 10, 12, 0.01, 0.001, 0.5, 0.2): (0.40805152979066, 1.7333333333333334) in 10.96s
392/810 (5, 1000, 0.1, 2, 6, 6.0, 10, 12, 0.01, 0.001, 0.5, 1.0): (0.39339526817787684, 2.4) in 11.54s
393/810 (5, 1000, 0.1, 2, 6, 6.0, 10, 12, 0.01, 0.001, 0.5, 5.0): (0.3556228956228956, 2.0) in 25.17s
394/810 (5, 1000, 0.1, 2, 6, 6.0, 10, 12, 0.01, 0.001, 0.75, 0.2): (0.3534416630068803, 1.7666666666666666) in 10.82s
395/810 (5, 1000, 0.1, 2, 6, 6.0, 10, 12, 0.01, 0.001, 0.75, 1.0): (0.3186268481920656, 2.1) in 10.42s
396/810 (5, 1000, 0.1, 2, 6, 6.0, 10, 12, 0.01, 0.001, 0.75, 5.0): (0.3987615283267456, 2.033333333333333) in 15.35s
397/810 (5, 1000, 0.1, 2, 6, 6.0, 10, 12, 0.01, 0.01, 0.2, 0.2): (0.375062139318432, 2.033333333333333) in 12.75s
398/810 (5, 1000, 0.1, 2, 6, 6.0, 10, 12, 0.01, 0.01, 0.2, 1.0): (0.4125280262580033, 2.2333333333333334) in 13.53s
399/810 (5, 1000, 0.1, 2, 6, 6.0, 10, 12, 0.01, 0.01, 0.2, 5.0): (0.34769726247987115, 1.6) in 31.13s
400/810 (5, 1000, 0.1, 2, 6, 6.0, 10, 12, 0.01, 0.01, 0.5, 0.2): (0.38655766134027003, 1.6666666666666667) in 11.16s
401/810 (5, 1000, 0.1, 2, 6, 6.0, 10, 12, 0.01, 0.01, 0.5, 1.0): (0.3996369492021666, 2.3666666666666667) in 13.58s
402/810 (5, 1000, 0.1, 2, 6, 6.0, 10, 12, 0.01, 0.01, 0.5, 5.0): (0.34795870038836785, 1.3) in 45.65s
403/810 (5, 1000, 0.1, 2, 6, 6.0, 10, 12, 0.01, 0.01, 0.75, 0.2): (0.4314009661835747, 1.6333333333333333) in 11.00s
404/810 (5, 1000, 0.1, 2, 6, 6.0, 10, 12, 0.01, 0.01, 0.75, 1.0): (0.4195286195286193, 2.433333333333333) in 13.68s
405/810 (5, 1000, 0.1, 2, 6, 6.0, 10, 12, 0.01, 0.01, 0.75, 5.0): (0.4131723027375199, 1.6333333333333333) in 15.31s
406/810 (5, 1000, 0.1, 2, 6, 6.0, 10, 12, 0.01, 0.02, 0.2, 0.2): (0.5214814814814812, 2.2333333333333334) in 13.19s
407/810 (5, 1000, 0.1, 2, 6, 6.0, 10, 12, 0.01, 0.02, 0.2, 1.0): (0.45020933977455696, 2.033333333333333) in 18.74s
408/810 (5, 1000, 0.1, 2, 6, 6.0, 10, 12, 0.01, 0.02, 0.2, 5.0): (0.38615136876006434, 1.5) in 22.44s
409/810 (5, 1000, 0.1, 2, 6, 6.0, 10, 12, 0.01, 0.02, 0.5, 0.2): (0.5066139657444002, 2.2333333333333334) in 11.76s
410/810 (5, 1000, 0.1, 2, 6, 6.0, 10, 12, 0.01, 0.02, 0.5, 1.0): (0.3804186795491144, 1.9) in 14.97s
411/810 (5, 1000, 0.1, 2, 6, 6.0, 10, 12, 0.01, 0.02, 0.5, 5.0): (0.41111111111111104, 1.6666666666666667) in 33.42s
412/810 (5, 1000, 0.1, 2, 6, 6.0, 10, 12, 0.01, 0.02, 0.75, 0.2): (0.49983896940418665, 1.7) in 11.66s
413/810 (5, 1000, 0.1, 2, 6, 6.0, 10, 12, 0.01, 0.02, 0.75, 1.0): (0.3860547504025763, 1.9) in 13.95s
414/810 (5, 1000, 0.1, 2, 6, 6.0, 10, 12, 0.01, 0.02, 0.75, 5.0): (0.43163775435514545, 1.7) in 27.27s
415/810 (5, 1000, 0.1, 2, 6, 6.0, 10, 12, 0.01, 0.05, 0.2, 0.2): (0.5849919484702093, 2.3666666666666667) in 15.62s
416/810 (5, 1000, 0.1, 2, 6, 6.0, 10, 12, 0.01, 0.05, 0.2, 1.0): (0.535394524959742, 2.1333333333333333) in 27.50s
417/810 (5, 1000, 0.1, 2, 6, 6.0, 10, 12, 0.01, 0.05, 0.2, 5.0): (0.4898550724637678, 1.6333333333333333) in 41.04s
418/810 (5, 1000, 0.1, 2, 6, 6.0, 10, 12, 0.01, 0.05, 0.5, 0.2): (0.5452495974235102, 1.9) in 13.87s
419/810 (5, 1000, 0.1, 2, 6, 6.0, 10, 12, 0.01, 0.05, 0.5, 1.0): (0.5484057971014491, 2.1) in 21.31s
420/810 (5, 1000, 0.1, 2, 6, 6.0, 10, 12, 0.01, 0.05, 0.5, 5.0): (0.42473429951690794, 1.7333333333333334) in 61.78s
421/810 (5, 1000, 0.1, 2, 6, 6.0, 10, 12, 0.01, 0.05, 0.75, 0.2): (0.5867954911433172, 1.8333333333333333) in 13.09s
422/810 (5, 1000, 0.1, 2, 6, 6.0, 10, 12, 0.01, 0.05, 0.75, 1.0): (0.4669565217391302, 2.066666666666667) in 21.12s
423/810 (5, 1000, 0.1, 2, 6, 6.0, 10, 12, 0.01, 0.05, 0.75, 5.0): (0.4894276094276091, 1.8666666666666667) in 45.27s
424/810 (5, 1000, 0.1, 2, 6, 6.0, 10, 12, 0.01, 0.1, 0.2, 0.2): (0.6245539452495973, 2.066666666666667) in 19.88s
425/810 (5, 1000, 0.1, 2, 6, 6.0, 10, 12, 0.01, 0.1, 0.2, 1.0): (0.5964251207729466, 2.2333333333333334) in 27.51s
426/810 (5, 1000, 0.1, 2, 6, 6.0, 10, 12, 0.01, 0.1, 0.2, 5.0): (0.5442834138486309, 1.7333333333333334) in 63.68s
427/810 (5, 1000, 0.1, 2, 6, 6.0, 10, 12, 0.01, 0.1, 0.5, 0.2): (0.5078260869565215, 2.2666666666666666) in 16.37s
428/810 (5, 1000, 0.1, 2, 6, 6.0, 10, 12, 0.01, 0.1, 0.5, 1.0): (0.5522536963841311, 2.3333333333333335) in 16.95s
429/810 (5, 1000, 0.1, 2, 6, 6.0, 10, 12, 0.01, 0.1, 0.5, 5.0): (0.5237037037037034, 2.2) in 55.01s
430/810 (5, 1000, 0.1, 2, 6, 6.0, 10, 12, 0.01, 0.1, 0.75, 0.2): (0.5276650563607084, 1.9666666666666666) in 15.21s
431/810 (5, 1000, 0.1, 2, 6, 6.0, 10, 12, 0.01, 0.1, 0.75, 1.0): (0.48870736348997207, 1.9666666666666666) in 17.40s
432/810 (5, 1000, 0.1, 2, 6, 6.0, 10, 12, 0.01, 0.1, 0.75, 5.0): (0.47746031746031736, 1.8666666666666667) in 45.05s
433/810 (5, 1000, 0.1, 2, 6, 6.0, 10, 12, 0.02, 0.0, 0.2, 0.2): (0.49840579710144906, 2.3333333333333335) in 14.00s
434/810 (5, 1000, 0.1, 2, 6, 6.0, 10, 12, 0.02, 0.0, 0.2, 1.0): (0.3814621578099837, 1.8333333333333333) in 12.60s
435/810 (5, 1000, 0.1, 2, 6, 6.0, 10, 12, 0.02, 0.0, 0.2, 5.0): (0.31510466988727853, 1.3) in 18.31s
436/810 (5, 1000, 0.1, 2, 6, 6.0, 10, 12, 0.02, 0.0, 0.5, 0.2): (0.4665297906602252, 2.3) in 12.96s
437/810 (5, 1000, 0.1, 2, 6, 6.0, 10, 12, 0.02, 0.0, 0.5, 1.0): (0.42158981115502836, 2.3333333333333335) in 12.47s
438/810 (5, 1000, 0.1, 2, 6, 6.0, 10, 12, 0.02, 0.0, 0.5, 5.0): (0.3467954911433172, 1.4) in 14.20s
439/810 (5, 1000, 0.1, 2, 6, 6.0, 10, 12, 0.02, 0.0, 0.75, 0.2): (0.5552334943639289, 2.033333333333333) in 13.24s
440/810 (5, 1000, 0.1, 2, 6, 6.0, 10, 12, 0.02, 0.0, 0.75, 1.0): (0.3398389694041867, 1.5333333333333334) in 12.46s
441/810 (5, 1000, 0.1, 2, 6, 6.0, 10, 12, 0.02, 0.0, 0.75, 5.0): (0.39819645732689196, 1.7) in 27.86s
442/810 (5, 1000, 0.1, 2, 6, 6.0, 10, 12, 0.02, 0.001, 0.2, 0.2): (0.48486312399355863, 2.7666666666666666) in 14.51s
443/810 (5, 1000, 0.1, 2, 6, 6.0, 10, 12, 0.02, 0.001, 0.2, 1.0): (0.43028985507246353, 1.9) in 25.49s
444/810 (5, 1000, 0.1, 2, 6, 6.0, 10, 12, 0.02, 0.001, 0.2, 5.0): (0.31892255892255883, 1.5666666666666667) in 41.08s
445/810 (5, 1000, 0.1, 2, 6, 6.0, 10, 12, 0.02, 0.001, 0.5, 0.2): (0.5393880837359096, 2.1333333333333333) in 13.14s
446/810 (5, 1000, 0.1, 2, 6, 6.0, 10, 12, 0.02, 0.001, 0.5, 1.0): (0.40242424242424224, 2.2333333333333334) in 14.19s
447/810 (5, 1000, 0.1, 2, 6, 6.0, 10, 12, 0.02, 0.001, 0.5, 5.0): (0.3462157809983895, 1.5333333333333334) in 12.61s
448/810 (5, 1000, 0.1, 2, 6, 6.0, 10, 12, 0.02, 0.001, 0.75, 0.2): (0.5287600644122381, 2.3) in 13.17s
449/810 (5, 1000, 0.1, 2, 6, 6.0, 10, 12, 0.02, 0.001, 0.75, 1.0): (0.4581291172595519, 1.9333333333333333) in 12.77s
450/810 (5, 1000, 0.1, 2, 6, 6.0, 10, 12, 0.02, 0.001, 0.75, 5.0): (0.36457326892109493, 1.3333333333333333) in 13.08s
451/810 (5, 1000, 0.1, 2, 6, 6.0, 10, 12, 0.02, 0.01, 0.2, 0.2): (0.5214287805592152, 2.2333333333333334) in 15.49s
452/810 (5, 1000, 0.1, 2, 6, 6.0, 10, 12, 0.02, 0.01, 0.2, 1.0): (0.4403981847460108, 2.3666666666666667) in 38.67s
453/810 (5, 1000, 0.1, 2, 6, 6.0, 10, 12, 0.02, 0.01, 0.2, 5.0): (0.3814814814814814, 1.4333333333333333) in 24.23s
454/810 (5, 1000, 0.1, 2, 6, 6.0, 10, 12, 0.02, 0.01, 0.5, 0.2): (0.5078260869565215, 1.9) in 13.76s
455/810 (5, 1000, 0.1, 2, 6, 6.0, 10, 12, 0.02, 0.01, 0.5, 1.0): (0.41759625237886083, 2.1333333333333333) in 14.12s
456/810 (5, 1000, 0.1, 2, 6, 6.0, 10, 12, 0.02, 0.01, 0.5, 5.0): (0.42399355877616723, 1.5333333333333334) in 21.00s
457/810 (5, 1000, 0.1, 2, 6, 6.0, 10, 12, 0.02, 0.01, 0.75, 0.2): (0.536135265700483, 2.033333333333333) in 13.47s
458/810 (5, 1000, 0.1, 2, 6, 6.0, 10, 12, 0.02, 0.01, 0.75, 1.0): (0.45539452495974225, 2.1666666666666665) in 13.53s
459/810 (5, 1000, 0.1, 2, 6, 6.0, 10, 12, 0.02, 0.01, 0.75, 5.0): (0.4423305518957691, 2.066666666666667) in 23.03s
460/810 (5, 1000, 0.1, 2, 6, 6.0, 10, 12, 0.02, 0.02, 0.2, 0.2): (0.5958132045088566, 2.033333333333333) in 16.29s
461/810 (5, 1000, 0.1, 2, 6, 6.0, 10, 12, 0.02, 0.02, 0.2, 1.0): (0.5071373714851976, 2.1333333333333333) in 21.44s
462/810 (5, 1000, 0.1, 2, 6, 6.0, 10, 12, 0.02, 0.02, 0.2, 5.0): (0.48125603864734273, 1.9666666666666666) in 44.11s
463/810 (5, 1000, 0.1, 2, 6, 6.0, 10, 12, 0.02, 0.02, 0.5, 0.2): (0.5155555555555552, 2.1) in 14.60s
464/810 (5, 1000, 0.1, 2, 6, 6.0, 10, 12, 0.02, 0.02, 0.5, 1.0): (0.48012882447665034, 2.033333333333333) in 18.86s
465/810 (5, 1000, 0.1, 2, 6, 6.0, 10, 12, 0.02, 0.02, 0.5, 5.0): (0.46744340248176547, 1.6333333333333333) in 65.77s
466/810 (5, 1000, 0.1, 2, 6, 6.0, 10, 12, 0.02, 0.02, 0.75, 0.2): (0.642962962962963, 2.033333333333333) in 14.21s
467/810 (5, 1000, 0.1, 2, 6, 6.0, 10, 12, 0.02, 0.02, 0.75, 1.0): (0.5006411945542378, 2.5) in 15.18s
468/810 (5, 1000, 0.1, 2, 6, 6.0, 10, 12, 0.02, 0.02, 0.75, 5.0): (0.37907773386034244, 1.6) in 18.67s
469/810 (5, 1000, 0.1, 2, 6, 6.0, 10, 12, 0.02, 0.05, 0.2, 0.2): (0.6313687600644122, 2.2333333333333334) in 20.04s
470/810 (5, 1000, 0.1, 2, 6, 6.0, 10, 12, 0.02, 0.05, 0.2, 1.0): (0.5743688839341011, 2.2666666666666666) in 31.91s
471/810 (5, 1000, 0.1, 2, 6, 6.0, 10, 12, 0.02, 0.05, 0.2, 5.0): (0.44280193236714954, 1.7666666666666666) in 29.20s
472/810 (5, 1000, 0.1, 2, 6, 6.0, 10, 12, 0.02, 0.05, 0.5, 0.2): (0.5900161030595812, 2.033333333333333) in 17.46s
473/810 (5, 1000, 0.1, 2, 6, 6.0, 10, 12, 0.02, 0.05, 0.5, 1.0): (0.5453140096618355, 2.1) in 25.73s
474/810 (5, 1000, 0.1, 2, 6, 6.0, 10, 12, 0.02, 0.05, 0.5, 5.0): (0.48022544283413815, 1.6333333333333333) in 51.62s
475/810 (5, 1000, 0.1, 2, 6, 6.0, 10, 12, 0.02, 0.05, 0.75, 0.2): (0.6125603864734298, 1.9666666666666666) in 16.73s
476/810 (5, 1000, 0.1, 2, 6, 6.0, 10, 12, 0.02, 0.05, 0.75, 1.0): (0.5137520128824474, 2.033333333333333) in 20.35s
477/810 (5, 1000, 0.1, 2, 6, 6.0, 10, 12, 0.02, 0.05, 0.75, 5.0): (0.5442834138486309, 1.7666666666666666) in 38.58s
478/810 (5, 1000, 0.1, 2, 6, 6.0, 10, 12, 0.02, 0.1, 0.2, 0.2): (0.6608695652173913, 2.2666666666666666) in 25.73s
479/810 (5, 1000, 0.1, 2, 6, 6.0, 10, 12, 0.02, 0.1, 0.2, 1.0): (0.6016103059581319, 2.1666666666666665) in 29.27s
480/810 (5, 1000, 0.1, 2, 6, 6.0, 10, 12, 0.02, 0.1, 0.2, 5.0): (0.5751246899072985, 2.066666666666667) in 95.52s
481/810 (5, 1000, 0.1, 2, 6, 6.0, 10, 12, 0.02, 0.1, 0.5, 0.2): (0.6247987117552335, 2.1) in 21.12s
482/810 (5, 1000, 0.1, 2, 6, 6.0, 10, 12, 0.02, 0.1, 0.5, 1.0): (0.628148148148148, 2.1666666666666665) in 15.26s
483/810 (5, 1000, 0.1, 2, 6, 6.0, 10, 12, 0.02, 0.1, 0.5, 5.0): (0.5194847020933975, 1.7333333333333334) in 72.55s
484/810 (5, 1000, 0.1, 2, 6, 6.0, 10, 12, 0.02, 0.1, 0.75, 0.2): (0.6056038647342994, 2.1333333333333333) in 20.18s
485/810 (5, 1000, 0.1, 2, 6, 6.0, 10, 12, 0.02, 0.1, 0.75, 1.0): (0.6094685990338163, 2.1) in 15.46s
486/810 (5, 1000, 0.1, 2, 6, 6.0, 10, 12, 0.02, 0.1, 0.75, 5.0): (0.47214170692431534, 1.5666666666666667) in 48.76s
487/810 (5, 1000, 0.1, 2, 6, 6.0, 10, 12, 0.05, 0.0, 0.2, 0.2): (0.6118859524486122, 3.1) in 28.49s
488/810 (5, 1000, 0.1, 2, 6, 6.0, 10, 12, 0.05, 0.0, 0.2, 1.0): (0.5375845410628018, 2.533333333333333) in 20.99s
489/810 (5, 1000, 0.1, 2, 6, 6.0, 10, 12, 0.05, 0.0, 0.2, 5.0): (0.41700483091787427, 1.8) in 26.20s
490/810 (5, 1000, 0.1, 2, 6, 6.0, 10, 12, 0.05, 0.0, 0.5, 0.2): (0.6242834138486313, 2.2) in 23.11s
491/810 (5, 1000, 0.1, 2, 6, 6.0, 10, 12, 0.05, 0.0, 0.5, 1.0): (0.55317230273752, 2.3333333333333335) in 21.23s
492/810 (5, 1000, 0.1, 2, 6, 6.0, 10, 12, 0.05, 0.0, 0.5, 5.0): (0.4456038647342994, 1.8) in 20.21s
493/810 (5, 1000, 0.1, 2, 6, 6.0, 10, 12, 0.05, 0.0, 0.75, 0.2): (0.6293075684380032, 2.1666666666666665) in 22.17s
494/810 (5, 1000, 0.1, 2, 6, 6.0, 10, 12, 0.05, 0.0, 0.75, 1.0): (0.5709500805152977, 2.1666666666666665) in 19.51s
495/810 (5, 1000, 0.1, 2, 6, 6.0, 10, 12, 0.05, 0.0, 0.75, 5.0): (0.4795540691192862, 1.8666666666666667) in 23.68s
496/810 (5, 1000, 0.1, 2, 6, 6.0, 10, 12, 0.05, 0.001, 0.2, 0.2): (0.5968438003220612, 2.566666666666667) in 26.26s
497/810 (5, 1000, 0.1, 2, 6, 6.0, 10, 12, 0.05, 0.001, 0.2, 1.0): (0.5282564778216952, 2.4) in 27.88s
498/810 (5, 1000, 0.1, 2, 6, 6.0, 10, 12, 0.05, 0.001, 0.2, 5.0): (0.5121141016793189, 2.1333333333333333) in 46.93s
499/810 (5, 1000, 0.1, 2, 6, 6.0, 10, 12, 0.05, 0.001, 0.5, 0.2): (0.6374363929146539, 2.6) in 23.68s
500/810 (5, 1000, 0.1, 2, 6, 6.0, 10, 12, 0.05, 0.001, 0.5, 1.0): (0.5969096764748939, 2.7333333333333334) in 19.29s
501/810 (5, 1000, 0.1, 2, 6, 6.0, 10, 12, 0.05, 0.001, 0.5, 5.0): (0.4826409017713363, 2.0) in 21.26s
502/810 (5, 1000, 0.1, 2, 6, 6.0, 10, 12, 0.05, 0.001, 0.75, 0.2): (0.5869243156199677, 2.066666666666667) in 22.42s
503/810 (5, 1000, 0.1, 2, 6, 6.0, 10, 12, 0.05, 0.001, 0.75, 1.0): (0.5369843361147707, 2.3333333333333335) in 16.92s
504/810 (5, 1000, 0.1, 2, 6, 6.0, 10, 12, 0.05, 0.001, 0.75, 5.0): (0.5127214170692429, 1.8666666666666667) in 75.79s
505/810 (5, 1000, 0.1, 2, 6, 6.0, 10, 12, 0.05, 0.01, 0.2, 0.2): (0.6465056360708537, 2.7333333333333334) in 28.66s
506/810 (5, 1000, 0.1, 2, 6, 6.0, 10, 12, 0.05, 0.01, 0.2, 1.0): (0.5393880837359096, 2.1) in 26.98s
507/810 (5, 1000, 0.1, 2, 6, 6.0, 10, 12, 0.05, 0.01, 0.2, 5.0): (0.49323671497584515, 1.8666666666666667) in 31.89s
508/810 (5, 1000, 0.1, 2, 6, 6.0, 10, 12, 0.05, 0.01, 0.5, 0.2): (0.6313687600644121, 2.3333333333333335) in 23.46s
509/810 (5, 1000, 0.1, 2, 6, 6.0, 10, 12, 0.05, 0.01, 0.5, 1.0): (0.5186473429951689, 1.9333333333333333) in 21.23s
510/810 (5, 1000, 0.1, 2, 6, 6.0, 10, 12, 0.05, 0.01, 0.5, 5.0): (0.45858293075684353, 1.8666666666666667) in 44.16s
511/810 (5, 1000, 0.1, 2, 6, 6.0, 10, 12, 0.05, 0.01, 0.75, 0.2): (0.6333011272141706, 2.3666666666666667) in 22.50s
512/810 (5, 1000, 0.1, 2, 6, 6.0, 10, 12, 0.05, 0.01, 0.75, 1.0): (0.5842629190455276, 2.466666666666667) in 20.56s
513/810 (5, 1000, 0.1, 2, 6, 6.0, 10, 12, 0.05, 0.01, 0.75, 5.0): (0.45391799826582424, 1.8) in 24.68s
514/810 (5, 1000, 0.1, 2, 6, 6.0, 10, 12, 0.05, 0.02, 0.2, 0.2): (0.647987117552335, 2.6) in 31.47s
515/810 (5, 1000, 0.1, 2, 6, 6.0, 10, 12, 0.05, 0.02, 0.2, 1.0): (0.577781437564046, 2.2333333333333334) in 28.40s
516/810 (5, 1000, 0.1, 2, 6, 6.0, 10, 12, 0.05, 0.02, 0.2, 5.0): (0.40307971014492744, 1.4666666666666666) in 40.43s
517/810 (5, 1000, 0.1, 2, 6, 6.0, 10, 12, 0.05, 0.02, 0.5, 0.2): (0.6352334943639291, 2.3666666666666667) in 26.47s
518/810 (5, 1000, 0.1, 2, 6, 6.0, 10, 12, 0.05, 0.02, 0.5, 1.0): (0.5946537842190015, 2.2333333333333334) in 24.01s
519/810 (5, 1000, 0.1, 2, 6, 6.0, 10, 12, 0.05, 0.02, 0.5, 5.0): (0.5057648953301125, 1.8333333333333333) in 32.27s
520/810 (5, 1000, 0.1, 2, 6, 6.0, 10, 12, 0.05, 0.02, 0.75, 0.2): (0.655072463768116, 2.3333333333333335) in 24.11s
521/810 (5, 1000, 0.1, 2, 6, 6.0, 10, 12, 0.05, 0.02, 0.75, 1.0): (0.6153945249597423, 2.066666666666667) in 25.23s
522/810 (5, 1000, 0.1, 2, 6, 6.0, 10, 12, 0.05, 0.02, 0.75, 5.0): (0.5080886906973862, 1.7) in 32.91s
523/810 (5, 1000, 0.1, 2, 6, 6.0, 10, 12, 0.05, 0.05, 0.2, 0.2): (0.6454447286160842, 2.5) in 39.15s
524/810 (5, 1000, 0.1, 2, 6, 6.0, 10, 12, 0.05, 0.05, 0.2, 1.0): (0.6114009661835749, 2.0) in 39.01s
525/810 (5, 1000, 0.1, 2, 6, 6.0, 10, 12, 0.05, 0.05, 0.2, 5.0): (0.4850241545893717, 1.6666666666666667) in 57.97s
526/810 (5, 1000, 0.1, 2, 6, 6.0, 10, 12, 0.05, 0.05, 0.5, 0.2): (0.6519806763285024, 2.6) in 29.78s
527/810 (5, 1000, 0.1, 2, 6, 6.0, 10, 12, 0.05, 0.05, 0.5, 1.0): (0.6302093397745572, 2.3666666666666667) in 30.57s
528/810 (5, 1000, 0.1, 2, 6, 6.0, 10, 12, 0.05, 0.05, 0.5, 5.0): (0.5928044749555046, 1.9333333333333333) in 68.46s
529/810 (5, 1000, 0.1, 2, 6, 6.0, 10, 12, 0.05, 0.05, 0.75, 0.2): (0.6351046698872785, 2.1333333333333333) in 26.89s
530/810 (5, 1000, 0.1, 2, 6, 6.0, 10, 12, 0.05, 0.05, 0.75, 1.0): (0.6075362318840579, 1.9333333333333333) in 24.43s
531/810 (5, 1000, 0.1, 2, 6, 6.0, 10, 12, 0.05, 0.05, 0.75, 5.0): (0.5155555555555553, 1.9333333333333333) in 36.65s
532/810 (5, 1000, 0.1, 2, 6, 6.0, 10, 12, 0.05, 0.1, 0.2, 0.2): (0.6589371980676328, 2.3) in 46.46s
533/810 (5, 1000, 0.1, 2, 6, 6.0, 10, 12, 0.05, 0.1, 0.2, 1.0): (0.6666666666666666, 2.066666666666667) in 40.79s
534/810 (5, 1000, 0.1, 2, 6, 6.0, 10, 12, 0.05, 0.1, 0.2, 5.0): (0.5719806763285022, 1.8) in 69.07s
535/810 (5, 1000, 0.1, 2, 6, 6.0, 10, 12, 0.05, 0.1, 0.5, 0.2): (0.6153945249597422, 2.2333333333333334) in 34.84s
536/810 (5, 1000, 0.1, 2, 6, 6.0, 10, 12, 0.05, 0.1, 0.5, 1.0): (0.6518518518518519, 1.9666666666666666) in 23.02s
537/810 (5, 1000, 0.1, 2, 6, 6.0, 10, 12, 0.05, 0.1, 0.5, 5.0): (0.5948148148148146, 2.1666666666666665) in 65.13s
538/810 (5, 1000, 0.1, 2, 6, 6.0, 10, 12, 0.05, 0.1, 0.75, 0.2): (0.6599806763285024, 2.2) in 31.84s
539/810 (5, 1000, 0.1, 2, 6, 6.0, 10, 12, 0.05, 0.1, 0.75, 1.0): (0.6351046698872785, 2.0) in 21.19s
540/810 (5, 1000, 0.1, 2, 6, 6.0, 10, 12, 0.05, 0.1, 0.75, 5.0): (0.5540740740740737, 1.9666666666666666) in 59.68s
541/810 (5, 1000, 0.1, 2, 6, 10.0, 10, 12, 0.0, 0.0, 0.2, 0.2): (0.2548148148148149, 2.466666666666667) in 9.22s
542/810 (5, 1000, 0.1, 2, 6, 10.0, 10, 12, 0.0, 0.0, 0.2, 1.0): (0.32626262626262625, 2.2333333333333334) in 19.86s
543/810 (5, 1000, 0.1, 2, 6, 10.0, 10, 12, 0.0, 0.0, 0.2, 5.0): (0.3333333333333333, 1.5333333333333334) in 15.11s
544/810 (5, 1000, 0.1, 2, 6, 10.0, 10, 12, 0.0, 0.0, 0.5, 0.2): (0.2647342995169083, 2.0) in 9.13s
545/810 (5, 1000, 0.1, 2, 6, 10.0, 10, 12, 0.0, 0.0, 0.5, 1.0): (0.2919396867222954, 1.7) in 10.18s
546/810 (5, 1000, 0.1, 2, 6, 10.0, 10, 12, 0.0, 0.0, 0.5, 5.0): (0.32444444444444437, 1.5333333333333334) in 11.41s
547/810 (5, 1000, 0.1, 2, 6, 10.0, 10, 12, 0.0, 0.0, 0.75, 0.2): (0.28095008051529796, 2.2666666666666666) in 9.32s
548/810 (5, 1000, 0.1, 2, 6, 10.0, 10, 12, 0.0, 0.0, 0.75, 1.0): (0.3358454106280192, 1.9) in 10.09s
549/810 (5, 1000, 0.1, 2, 6, 10.0, 10, 12, 0.0, 0.0, 0.75, 5.0): (0.3596632996632995, 2.033333333333333) in 13.26s
550/810 (5, 1000, 0.1, 2, 6, 10.0, 10, 12, 0.0, 0.001, 0.2, 0.2): (0.25391304347826094, 2.2333333333333334) in 9.82s
551/810 (5, 1000, 0.1, 2, 6, 10.0, 10, 12, 0.0, 0.001, 0.2, 1.0): (0.32211096471966033, 1.9333333333333333) in 14.14s
552/810 (5, 1000, 0.1, 2, 6, 10.0, 10, 12, 0.0, 0.001, 0.2, 5.0): (0.2985185185185185, 1.6) in 11.41s
553/810 (5, 1000, 0.1, 2, 6, 10.0, 10, 12, 0.0, 0.001, 0.5, 0.2): (0.2822222222222222, 2.2) in 9.31s
554/810 (5, 1000, 0.1, 2, 6, 10.0, 10, 12, 0.0, 0.001, 0.5, 1.0): (0.3413804713804713, 2.6333333333333333) in 13.19s
555/810 (5, 1000, 0.1, 2, 6, 10.0, 10, 12, 0.0, 0.001, 0.5, 5.0): (0.3874074074074072, 1.9333333333333333) in 15.11s
556/810 (5, 1000, 0.1, 2, 6, 10.0, 10, 12, 0.0, 0.001, 0.75, 0.2): (0.2417508417508418, 1.9333333333333333) in 9.54s
557/810 (5, 1000, 0.1, 2, 6, 10.0, 10, 12, 0.0, 0.001, 0.75, 1.0): (0.2993880837359098, 2.033333333333333) in 9.15s
558/810 (5, 1000, 0.1, 2, 6, 10.0, 10, 12, 0.0, 0.001, 0.75, 5.0): (0.3475265475265474, 1.6333333333333333) in 99.17s
559/810 (5, 1000, 0.1, 2, 6, 10.0, 10, 12, 0.0, 0.01, 0.2, 0.2): (0.30381203337725066, 2.066666666666667) in 9.88s
560/810 (5, 1000, 0.1, 2, 6, 10.0, 10, 12, 0.0, 0.01, 0.2, 1.0): (0.35877995642701516, 1.7333333333333334) in 12.92s
561/810 (5, 1000, 0.1, 2, 6, 10.0, 10, 12, 0.0, 0.01, 0.2, 5.0): (0.3417508417508415, 1.7) in 21.51s
562/810 (5, 1000, 0.1, 2, 6, 10.0, 10, 12, 0.0, 0.01, 0.5, 0.2): (0.2703703703703704, 1.4666666666666666) in 9.75s
563/810 (5, 1000, 0.1, 2, 6, 10.0, 10, 12, 0.0, 0.01, 0.5, 1.0): (0.3126804274630361, 2.2666666666666666) in 10.90s
564/810 (5, 1000, 0.1, 2, 6, 10.0, 10, 12, 0.0, 0.01, 0.5, 5.0): (0.42397306397306384, 1.9666666666666666) in 14.45s
565/810 (5, 1000, 0.1, 2, 6, 10.0, 10, 12, 0.0, 0.01, 0.75, 0.2): (0.24798711755233502, 1.2333333333333334) in 9.68s
566/810 (5, 1000, 0.1, 2, 6, 10.0, 10, 12, 0.0, 0.01, 0.75, 1.0): (0.344625969843361, 2.1666666666666665) in 10.00s
567/810 (5, 1000, 0.1, 2, 6, 10.0, 10, 12, 0.0, 0.01, 0.75, 5.0): (0.40991948470209316, 1.6) in 16.94s
568/810 (5, 1000, 0.1, 2, 6, 10.0, 10, 12, 0.0, 0.02, 0.2, 0.2): (0.35465378421900146, 1.8666666666666667) in 10.46s
569/810 (5, 1000, 0.1, 2, 6, 10.0, 10, 12, 0.0, 0.02, 0.2, 1.0): (0.44384863123993534, 2.0) in 24.05s
570/810 (5, 1000, 0.1, 2, 6, 10.0, 10, 12, 0.0, 0.02, 0.2, 5.0): (0.38148148148148137, 1.6333333333333333) in 30.35s
571/810 (5, 1000, 0.1, 2, 6, 10.0, 10, 12, 0.0, 0.02, 0.5, 0.2): (0.3062157809983897, 2.2333333333333334) in 9.91s
572/810 (5, 1000, 0.1, 2, 6, 10.0, 10, 12, 0.0, 0.02, 0.5, 1.0): (0.3820406968233054, 1.9666666666666666) in 13.36s
573/810 (5, 1000, 0.1, 2, 6, 10.0, 10, 12, 0.0, 0.02, 0.5, 5.0): (0.37037037037037024, 1.3666666666666667) in 22.09s
574/810 (5, 1000, 0.1, 2, 6, 10.0, 10, 12, 0.0, 0.02, 0.75, 0.2): (0.26249158249158255, 1.4333333333333333) in 9.69s
575/810 (5, 1000, 0.1, 2, 6, 10.0, 10, 12, 0.0, 0.02, 0.75, 1.0): (0.41302415458937186, 2.7) in 13.17s
576/810 (5, 1000, 0.1, 2, 6, 10.0, 10, 12, 0.0, 0.02, 0.75, 5.0): (0.37576719576719564, 1.5) in 16.22s
577/810 (5, 1000, 0.1, 2, 6, 10.0, 10, 12, 0.0, 0.05, 0.2, 0.2): (0.39843800322061185, 1.9) in 10.89s
578/810 (5, 1000, 0.1, 2, 6, 10.0, 10, 12, 0.0, 0.05, 0.2, 1.0): (0.4682769726247985, 1.8333333333333333) in 20.31s
579/810 (5, 1000, 0.1, 2, 6, 10.0, 10, 12, 0.0, 0.05, 0.2, 5.0): (0.4359788359788358, 1.5666666666666667) in 42.74s
580/810 (5, 1000, 0.1, 2, 6, 10.0, 10, 12, 0.0, 0.05, 0.5, 0.2): (0.2628148148148149, 1.4333333333333333) in 9.94s
581/810 (5, 1000, 0.1, 2, 6, 10.0, 10, 12, 0.0, 0.05, 0.5, 1.0): (0.41775574201203475, 2.3666666666666667) in 17.48s
582/810 (5, 1000, 0.1, 2, 6, 10.0, 10, 12, 0.0, 0.05, 0.5, 5.0): (0.48350168350168327, 1.7) in 35.15s
583/810 (5, 1000, 0.1, 2, 6, 10.0, 10, 12, 0.0, 0.05, 0.75, 0.2): (0.2874074074074074, 1.4333333333333333) in 10.15s
584/810 (5, 1000, 0.1, 2, 6, 10.0, 10, 12, 0.0, 0.05, 0.75, 1.0): (0.4337520128824475, 1.9) in 15.52s
585/810 (5, 1000, 0.1, 2, 6, 10.0, 10, 12, 0.0, 0.05, 0.75, 5.0): (0.3948148148148147, 1.6) in 28.29s
586/810 (5, 1000, 0.1, 2, 6, 10.0, 10, 12, 0.0, 0.1, 0.2, 0.2): (0.48824476650563586, 2.3) in 12.15s
587/810 (5, 1000, 0.1, 2, 6, 10.0, 10, 12, 0.0, 0.1, 0.2, 1.0): (0.5579066022544281, 2.3333333333333335) in 26.66s
588/810 (5, 1000, 0.1, 2, 6, 10.0, 10, 12, 0.0, 0.1, 0.2, 5.0): (0.492882447665056, 1.8333333333333333) in 56.99s
589/810 (5, 1000, 0.1, 2, 6, 10.0, 10, 12, 0.0, 0.1, 0.5, 0.2): (0.3467954911433173, 1.8666666666666667) in 10.64s
590/810 (5, 1000, 0.1, 2, 6, 10.0, 10, 12, 0.0, 0.1, 0.5, 1.0): (0.423832528180354, 2.466666666666667) in 12.56s
591/810 (5, 1000, 0.1, 2, 6, 10.0, 10, 12, 0.0, 0.1, 0.5, 5.0): (0.4951046698872784, 1.8666666666666667) in 49.05s
592/810 (5, 1000, 0.1, 2, 6, 10.0, 10, 12, 0.0, 0.1, 0.75, 0.2): (0.2914009661835749, 1.4666666666666666) in 10.37s
593/810 (5, 1000, 0.1, 2, 6, 10.0, 10, 12, 0.0, 0.1, 0.75, 1.0): (0.46132045088566814, 2.1666666666666665) in 12.89s
594/810 (5, 1000, 0.1, 2, 6, 10.0, 10, 12, 0.0, 0.1, 0.75, 5.0): (0.45999999999999974, 1.8666666666666667) in 47.08s
595/810 (5, 1000, 0.1, 2, 6, 10.0, 10, 12, 0.001, 0.0, 0.2, 0.2): (0.29629629629629634, 2.1333333333333333) in 10.05s
596/810 (5, 1000, 0.1, 2, 6, 10.0, 10, 12, 0.001, 0.0, 0.2, 1.0): (0.27254574732835607, 1.8666666666666667) in 10.89s
597/810 (5, 1000, 0.1, 2, 6, 10.0, 10, 12, 0.001, 0.0, 0.2, 5.0): (0.29703703703703704, 1.6) in 33.34s
598/810 (5, 1000, 0.1, 2, 6, 10.0, 10, 12, 0.001, 0.0, 0.5, 0.2): (0.2548353096179184, 2.566666666666667) in 9.25s
599/810 (5, 1000, 0.1, 2, 6, 10.0, 10, 12, 0.001, 0.0, 0.5, 1.0): (0.3088832584484759, 2.033333333333333) in 9.65s
600/810 (5, 1000, 0.1, 2, 6, 10.0, 10, 12, 0.001, 0.0, 0.5, 5.0): (0.3288888888888888, 1.6333333333333333) in 11.10s
601/810 (5, 1000, 0.1, 2, 6, 10.0, 10, 12, 0.001, 0.0, 0.75, 0.2): (0.26810130288391165, 2.033333333333333) in 9.22s
602/810 (5, 1000, 0.1, 2, 6, 10.0, 10, 12, 0.001, 0.0, 0.75, 1.0): (0.34074074074074073, 1.9) in 12.39s
603/810 (5, 1000, 0.1, 2, 6, 10.0, 10, 12, 0.001, 0.0, 0.75, 5.0): (0.40905982905982896, 2.1333333333333333) in 48.86s
604/810 (5, 1000, 0.1, 2, 6, 10.0, 10, 12, 0.001, 0.001, 0.2, 0.2): (0.25629629629629636, 2.3333333333333335) in 9.48s
605/810 (5, 1000, 0.1, 2, 6, 10.0, 10, 12, 0.001, 0.001, 0.2, 1.0): (0.2806734006734007, 2.2666666666666666) in 10.25s
606/810 (5, 1000, 0.1, 2, 6, 10.0, 10, 12, 0.001, 0.001, 0.2, 5.0): (0.2133333333333334, 1.2666666666666666) in 8.94s
607/810 (5, 1000, 0.1, 2, 6, 10.0, 10, 12, 0.001, 0.001, 0.5, 0.2): (0.23629629629629637, 1.8666666666666667) in 9.18s
608/810 (5, 1000, 0.1, 2, 6, 10.0, 10, 12, 0.001, 0.001, 0.5, 1.0): (0.2868013468013469, 1.8) in 9.98s
609/810 (5, 1000, 0.1, 2, 6, 10.0, 10, 12, 0.001, 0.001, 0.5, 5.0): (0.32962962962962955, 1.7333333333333334) in 64.69s
610/810 (5, 1000, 0.1, 2, 6, 10.0, 10, 12, 0.001, 0.001, 0.75, 0.2): (0.2370370370370371, 1.9) in 9.20s
611/810 (5, 1000, 0.1, 2, 6, 10.0, 10, 12, 0.001, 0.001, 0.75, 1.0): (0.33095008051529784, 2.1666666666666665) in 9.87s
612/810 (5, 1000, 0.1, 2, 6, 10.0, 10, 12, 0.001, 0.001, 0.75, 5.0): (0.28786324786324785, 1.5666666666666667) in 26.33s
613/810 (5, 1000, 0.1, 2, 6, 10.0, 10, 12, 0.001, 0.01, 0.2, 0.2): (0.3388083735909822, 1.5333333333333334) in 10.56s
614/810 (5, 1000, 0.1, 2, 6, 10.0, 10, 12, 0.001, 0.01, 0.2, 1.0): (0.35948470209339767, 1.7333333333333334) in 14.20s
615/810 (5, 1000, 0.1, 2, 6, 10.0, 10, 12, 0.001, 0.01, 0.2, 5.0): (0.3022222222222222, 1.3666666666666667) in 30.17s
616/810 (5, 1000, 0.1, 2, 6, 10.0, 10, 12, 0.001, 0.01, 0.5, 0.2): (0.3210305958132046, 2.433333333333333) in 9.61s
617/810 (5, 1000, 0.1, 2, 6, 10.0, 10, 12, 0.001, 0.01, 0.5, 1.0): (0.3933533533533532, 2.3666666666666667) in 10.99s
618/810 (5, 1000, 0.1, 2, 6, 10.0, 10, 12, 0.001, 0.01, 0.5, 5.0): (0.40399355877616727, 1.6333333333333333) in 21.80s
619/810 (5, 1000, 0.1, 2, 6, 10.0, 10, 12, 0.001, 0.01, 0.75, 0.2): (0.25169082125603875, 1.4333333333333333) in 9.55s
620/810 (5, 1000, 0.1, 2, 6, 10.0, 10, 12, 0.001, 0.01, 0.75, 1.0): (0.361610305958132, 1.8) in 11.78s
621/810 (5, 1000, 0.1, 2, 6, 10.0, 10, 12, 0.001, 0.01, 0.75, 5.0): (0.35948470209339767, 1.7333333333333334) in 19.11s
622/810 (5, 1000, 0.1, 2, 6, 10.0, 10, 12, 0.001, 0.02, 0.2, 0.2): (0.34735470648514133, 2.1) in 10.81s
623/810 (5, 1000, 0.1, 2, 6, 10.0, 10, 12, 0.001, 0.02, 0.2, 1.0): (0.37954911433172284, 1.9333333333333333) in 16.15s
624/810 (5, 1000, 0.1, 2, 6, 10.0, 10, 12, 0.001, 0.02, 0.2, 5.0): (0.32689210950080494, 1.3333333333333333) in 63.09s
625/810 (5, 1000, 0.1, 2, 6, 10.0, 10, 12, 0.001, 0.02, 0.5, 0.2): (0.30397306397306406, 1.9) in 9.59s
626/810 (5, 1000, 0.1, 2, 6, 10.0, 10, 12, 0.001, 0.02, 0.5, 1.0): (0.36028985507246375, 2.2333333333333334) in 12.44s
627/810 (5, 1000, 0.1, 2, 6, 10.0, 10, 12, 0.001, 0.02, 0.5, 5.0): (0.3851851851851851, 1.4) in 39.43s
628/810 (5, 1000, 0.1, 2, 6, 10.0, 10, 12, 0.001, 0.02, 0.75, 0.2): (0.3072463768115942, 1.5) in 9.59s
629/810 (5, 1000, 0.1, 2, 6, 10.0, 10, 12, 0.001, 0.02, 0.75, 1.0): (0.3464851412677498, 1.8333333333333333) in 10.67s
630/810 (5, 1000, 0.1, 2, 6, 10.0, 10, 12, 0.001, 0.02, 0.75, 5.0): (0.3407407407407406, 1.2666666666666666) in 15.58s
631/810 (5, 1000, 0.1, 2, 6, 10.0, 10, 12, 0.001, 0.05, 0.2, 0.2): (0.3643917435221782, 2.066666666666667) in 11.54s
632/810 (5, 1000, 0.1, 2, 6, 10.0, 10, 12, 0.001, 0.05, 0.2, 1.0): (0.4514009661835747, 2.2) in 22.69s
633/810 (5, 1000, 0.1, 2, 6, 10.0, 10, 12, 0.001, 0.05, 0.2, 5.0): (0.5049597423510465, 1.9) in 48.22s
634/810 (5, 1000, 0.1, 2, 6, 10.0, 10, 12, 0.001, 0.05, 0.5, 0.2): (0.2904991948470209, 1.3) in 10.08s
635/810 (5, 1000, 0.1, 2, 6, 10.0, 10, 12, 0.001, 0.05, 0.5, 1.0): (0.4208695652173911, 2.1) in 17.19s
636/810 (5, 1000, 0.1, 2, 6, 10.0, 10, 12, 0.001, 0.05, 0.5, 5.0): (0.5148148148148146, 1.7) in 44.49s
637/810 (5, 1000, 0.1, 2, 6, 10.0, 10, 12, 0.001, 0.05, 0.75, 0.2): (0.32558336993119597, 2.033333333333333) in 9.83s
638/810 (5, 1000, 0.1, 2, 6, 10.0, 10, 12, 0.001, 0.05, 0.75, 1.0): (0.40399355877616744, 1.7) in 16.09s
639/810 (5, 1000, 0.1, 2, 6, 10.0, 10, 12, 0.001, 0.05, 0.75, 5.0): (0.5278804855275442, 2.1) in 37.28s
640/810 (5, 1000, 0.1, 2, 6, 10.0, 10, 12, 0.001, 0.1, 0.2, 0.2): (0.35938808373590964, 1.7666666666666666) in 11.43s
641/810 (5, 1000, 0.1, 2, 6, 10.0, 10, 12, 0.001, 0.1, 0.2, 1.0): (0.5096940418679546, 2.6666666666666665) in 24.35s
642/810 (5, 1000, 0.1, 2, 6, 10.0, 10, 12, 0.001, 0.1, 0.2, 5.0): (0.49887278582930733, 1.7) in 62.92s
643/810 (5, 1000, 0.1, 2, 6, 10.0, 10, 12, 0.001, 0.1, 0.5, 0.2): (0.31819645732689206, 1.4666666666666666) in 10.44s
644/810 (5, 1000, 0.1, 2, 6, 10.0, 10, 12, 0.001, 0.1, 0.5, 1.0): (0.43436392914653765, 2.1666666666666665) in 14.48s
645/810 (5, 1000, 0.1, 2, 6, 10.0, 10, 12, 0.001, 0.1, 0.5, 5.0): (0.45925925925925903, 1.5333333333333334) in 45.96s
646/810 (5, 1000, 0.1, 2, 6, 10.0, 10, 12, 0.001, 0.1, 0.75, 0.2): (0.29140096618357486, 1.4333333333333333) in 10.27s
647/810 (5, 1000, 0.1, 2, 6, 10.0, 10, 12, 0.001, 0.1, 0.75, 1.0): (0.4653140096618356, 1.9333333333333333) in 10.32s
648/810 (5, 1000, 0.1, 2, 6, 10.0, 10, 12, 0.001, 0.1, 0.75, 5.0): (0.4429629629629629, 1.6333333333333333) in 41.87s
649/810 (5, 1000, 0.1, 2, 6, 10.0, 10, 12, 0.01, 0.0, 0.2, 0.2): (0.3088888888888889, 1.9333333333333333) in 15.17s
650/810 (5, 1000, 0.1, 2, 6, 10.0, 10, 12, 0.01, 0.0, 0.2, 1.0): (0.3882769726247986, 2.2) in 28.33s
651/810 (5, 1000, 0.1, 2, 6, 10.0, 10, 12, 0.01, 0.0, 0.2, 5.0): (0.2985185185185185, 1.4666666666666666) in 14.05s
652/810 (5, 1000, 0.1, 2, 6, 10.0, 10, 12, 0.01, 0.0, 0.5, 0.2): (0.3661630800761234, 2.033333333333333) in 11.04s
653/810 (5, 1000, 0.1, 2, 6, 10.0, 10, 12, 0.01, 0.0, 0.5, 1.0): (0.4001288244766505, 1.5333333333333334) in 10.70s
654/810 (5, 1000, 0.1, 2, 6, 10.0, 10, 12, 0.01, 0.0, 0.5, 5.0): (0.388546332894159, 2.033333333333333) in 33.93s
655/810 (5, 1000, 0.1, 2, 6, 10.0, 10, 12, 0.01, 0.0, 0.75, 0.2): (0.37745571658615124, 1.4666666666666666) in 10.77s
656/810 (5, 1000, 0.1, 2, 6, 10.0, 10, 12, 0.01, 0.0, 0.75, 1.0): (0.34177133655394515, 1.6333333333333333) in 11.26s
657/810 (5, 1000, 0.1, 2, 6, 10.0, 10, 12, 0.01, 0.0, 0.75, 5.0): (0.35301587301587295, 1.6) in 11.96s
658/810 (5, 1000, 0.1, 2, 6, 10.0, 10, 12, 0.01, 0.001, 0.2, 0.2): (0.3925154356867911, 2.3666666666666667) in 12.69s
659/810 (5, 1000, 0.1, 2, 6, 10.0, 10, 12, 0.01, 0.001, 0.2, 1.0): (0.37483463396506866, 1.6666666666666667) in 12.10s
660/810 (5, 1000, 0.1, 2, 6, 10.0, 10, 12, 0.01, 0.001, 0.2, 5.0): (0.27658615136876014, 1.3) in 25.54s
661/810 (5, 1000, 0.1, 2, 6, 10.0, 10, 12, 0.01, 0.001, 0.5, 0.2): (0.3987890499194846, 2.1666666666666665) in 11.02s
662/810 (5, 1000, 0.1, 2, 6, 10.0, 10, 12, 0.01, 0.001, 0.5, 1.0): (0.3752445300271387, 2.3) in 11.20s
663/810 (5, 1000, 0.1, 2, 6, 10.0, 10, 12, 0.01, 0.001, 0.5, 5.0): (0.3429629629629629, 1.5333333333333334) in 57.28s
664/810 (5, 1000, 0.1, 2, 6, 10.0, 10, 12, 0.01, 0.001, 0.75, 0.2): (0.39788610745132463, 1.8333333333333333) in 10.65s
665/810 (5, 1000, 0.1, 2, 6, 10.0, 10, 12, 0.01, 0.001, 0.75, 1.0): (0.32991948470209337, 2.2) in 12.63s
666/810 (5, 1000, 0.1, 2, 6, 10.0, 10, 12, 0.01, 0.001, 0.75, 5.0): (0.3499194847020932, 1.5666666666666667) in 114.84s
667/810 (5, 1000, 0.1, 2, 6, 10.0, 10, 12, 0.01, 0.01, 0.2, 0.2): (0.37907773386034244, 1.7) in 11.55s
668/810 (5, 1000, 0.1, 2, 6, 10.0, 10, 12, 0.01, 0.01, 0.2, 1.0): (0.47123993558776156, 2.2333333333333334) in 23.00s
669/810 (5, 1000, 0.1, 2, 6, 10.0, 10, 12, 0.01, 0.01, 0.2, 5.0): (0.4457004830917872, 1.8333333333333333) in 45.26s
670/810 (5, 1000, 0.1, 2, 6, 10.0, 10, 12, 0.01, 0.01, 0.5, 0.2): (0.44264090177133636, 1.8) in 11.22s
671/810 (5, 1000, 0.1, 2, 6, 10.0, 10, 12, 0.01, 0.01, 0.5, 1.0): (0.3402898550724637, 2.2333333333333334) in 11.58s
672/810 (5, 1000, 0.1, 2, 6, 10.0, 10, 12, 0.01, 0.01, 0.5, 5.0): (0.38296791775052635, 1.6) in 15.65s
673/810 (5, 1000, 0.1, 2, 6, 10.0, 10, 12, 0.01, 0.01, 0.75, 0.2): (0.42576489533011264, 1.5333333333333334) in 11.01s
674/810 (5, 1000, 0.1, 2, 6, 10.0, 10, 12, 0.01, 0.01, 0.75, 1.0): (0.3779066022544282, 2.1333333333333333) in 11.47s
675/810 (5, 1000, 0.1, 2, 6, 10.0, 10, 12, 0.01, 0.01, 0.75, 5.0): (0.4157697053349226, 2.0) in 15.41s
676/810 (5, 1000, 0.1, 2, 6, 10.0, 10, 12, 0.01, 0.02, 0.2, 0.2): (0.4741384863123992, 2.3) in 12.28s
677/810 (5, 1000, 0.1, 2, 6, 10.0, 10, 12, 0.01, 0.02, 0.2, 1.0): (0.5454595002421088, 2.2) in 43.95s
678/810 (5, 1000, 0.1, 2, 6, 10.0, 10, 12, 0.01, 0.02, 0.2, 5.0): (0.4405797101449273, 1.5333333333333334) in 26.35s
679/810 (5, 1000, 0.1, 2, 6, 10.0, 10, 12, 0.01, 0.02, 0.5, 0.2): (0.5225120772946857, 2.2) in 11.69s
680/810 (5, 1000, 0.1, 2, 6, 10.0, 10, 12, 0.01, 0.02, 0.5, 1.0): (0.47420289855072456, 2.6666666666666665) in 16.63s
681/810 (5, 1000, 0.1, 2, 6, 10.0, 10, 12, 0.01, 0.02, 0.5, 5.0): (0.45777777777777756, 1.7666666666666666) in 37.96s
682/810 (5, 1000, 0.1, 2, 6, 10.0, 10, 12, 0.01, 0.02, 0.75, 0.2): (0.5186473429951688, 1.8) in 11.35s
683/810 (5, 1000, 0.1, 2, 6, 10.0, 10, 12, 0.01, 0.02, 0.75, 1.0): (0.45420289855072454, 2.1666666666666665) in 13.46s
684/810 (5, 1000, 0.1, 2, 6, 10.0, 10, 12, 0.01, 0.02, 0.75, 5.0): (0.4740740740740739, 1.6666666666666667) in 21.46s
685/810 (5, 1000, 0.1, 2, 6, 10.0, 10, 12, 0.01, 0.05, 0.2, 0.2): (0.5236714975845408, 1.9333333333333333) in 15.23s
686/810 (5, 1000, 0.1, 2, 6, 10.0, 10, 12, 0.01, 0.05, 0.2, 1.0): (0.5265056360708533, 2.2) in 26.05s
687/810 (5, 1000, 0.1, 2, 6, 10.0, 10, 12, 0.01, 0.05, 0.2, 5.0): (0.5156199677938805, 1.7) in 43.62s
688/810 (5, 1000, 0.1, 2, 6, 10.0, 10, 12, 0.01, 0.05, 0.5, 0.2): (0.5404186795491143, 1.7666666666666666) in 13.68s
689/810 (5, 1000, 0.1, 2, 6, 10.0, 10, 12, 0.01, 0.05, 0.5, 1.0): (0.5088566827697261, 2.433333333333333) in 20.27s
690/810 (5, 1000, 0.1, 2, 6, 10.0, 10, 12, 0.01, 0.05, 0.5, 5.0): (0.4573268921095005, 1.5333333333333334) in 35.84s
691/810 (5, 1000, 0.1, 2, 6, 10.0, 10, 12, 0.01, 0.05, 0.75, 0.2): (0.5761030595813204, 2.066666666666667) in 13.05s
692/810 (5, 1000, 0.1, 2, 6, 10.0, 10, 12, 0.01, 0.05, 0.75, 1.0): (0.4850241545893717, 2.0) in 20.71s
693/810 (5, 1000, 0.1, 2, 6, 10.0, 10, 12, 0.01, 0.05, 0.75, 5.0): (0.42074074074074047, 1.5) in 26.62s
694/810 (5, 1000, 0.1, 2, 6, 10.0, 10, 12, 0.01, 0.1, 0.2, 0.2): (0.6164251207729468, 1.9333333333333333) in 20.41s
695/810 (5, 1000, 0.1, 2, 6, 10.0, 10, 12, 0.01, 0.1, 0.2, 1.0): (0.5920327015979188, 2.1666666666666665) in 23.99s
696/810 (5, 1000, 0.1, 2, 6, 10.0, 10, 12, 0.01, 0.1, 0.2, 5.0): (0.5680699332873245, 1.9333333333333333) in 86.62s
697/810 (5, 1000, 0.1, 2, 6, 10.0, 10, 12, 0.01, 0.1, 0.5, 0.2): (0.4940418679549111, 1.8333333333333333) in 16.25s
698/810 (5, 1000, 0.1, 2, 6, 10.0, 10, 12, 0.01, 0.1, 0.5, 1.0): (0.5498462889767235, 2.4) in 14.17s
699/810 (5, 1000, 0.1, 2, 6, 10.0, 10, 12, 0.01, 0.1, 0.5, 5.0): (0.5037037037037034, 1.6333333333333333) in 61.54s
700/810 (5, 1000, 0.1, 2, 6, 10.0, 10, 12, 0.01, 0.1, 0.75, 0.2): (0.5294685990338162, 1.7) in 14.96s
701/810 (5, 1000, 0.1, 2, 6, 10.0, 10, 12, 0.01, 0.1, 0.75, 1.0): (0.5223305518957692, 2.2333333333333334) in 16.21s
702/810 (5, 1000, 0.1, 2, 6, 10.0, 10, 12, 0.01, 0.1, 0.75, 5.0): (0.533333333333333, 1.7) in 66.19s
703/810 (5, 1000, 0.1, 2, 6, 10.0, 10, 12, 0.02, 0.0, 0.2, 0.2): (0.4621900161030594, 2.5) in 14.82s
704/810 (5, 1000, 0.1, 2, 6, 10.0, 10, 12, 0.02, 0.0, 0.2, 1.0): (0.4140259740259738, 2.466666666666667) in 18.19s
705/810 (5, 1000, 0.1, 2, 6, 10.0, 10, 12, 0.02, 0.0, 0.2, 5.0): (0.3499194847020934, 1.6333333333333333) in 23.68s
706/810 (5, 1000, 0.1, 2, 6, 10.0, 10, 12, 0.02, 0.0, 0.5, 0.2): (0.4525983712024901, 2.1) in 13.45s
707/810 (5, 1000, 0.1, 2, 6, 10.0, 10, 12, 0.02, 0.0, 0.5, 1.0): (0.3940213731518078, 1.8666666666666667) in 12.51s
708/810 (5, 1000, 0.1, 2, 6, 10.0, 10, 12, 0.02, 0.0, 0.5, 5.0): (0.43261674718196436, 2.066666666666667) in 54.58s
709/810 (5, 1000, 0.1, 2, 6, 10.0, 10, 12, 0.02, 0.0, 0.75, 0.2): (0.4919586405627594, 1.8666666666666667) in 13.21s
710/810 (5, 1000, 0.1, 2, 6, 10.0, 10, 12, 0.02, 0.0, 0.75, 1.0): (0.4702093397745571, 2.4) in 13.05s
711/810 (5, 1000, 0.1, 2, 6, 10.0, 10, 12, 0.02, 0.0, 0.75, 5.0): (0.4624844720496893, 2.2) in 14.93s
712/810 (5, 1000, 0.1, 2, 6, 10.0, 10, 12, 0.02, 0.001, 0.2, 0.2): (0.46428341384863103, 2.2666666666666666) in 14.68s
713/810 (5, 1000, 0.1, 2, 6, 10.0, 10, 12, 0.02, 0.001, 0.2, 1.0): (0.38946859903381625, 2.033333333333333) in 14.61s
714/810 (5, 1000, 0.1, 2, 6, 10.0, 10, 12, 0.02, 0.001, 0.2, 5.0): (0.32307129263650997, 1.5666666666666667) in 32.23s
715/810 (5, 1000, 0.1, 2, 6, 10.0, 10, 12, 0.02, 0.001, 0.5, 0.2): (0.5022141706924315, 1.9666666666666666) in 13.53s
716/810 (5, 1000, 0.1, 2, 6, 10.0, 10, 12, 0.02, 0.001, 0.5, 1.0): (0.4295857121944077, 2.3666666666666667) in 15.27s
717/810 (5, 1000, 0.1, 2, 6, 10.0, 10, 12, 0.02, 0.001, 0.5, 5.0): (0.37301587301587286, 1.6333333333333333) in 57.55s
718/810 (5, 1000, 0.1, 2, 6, 10.0, 10, 12, 0.02, 0.001, 0.75, 0.2): (0.5198067632850241, 1.9) in 12.75s
719/810 (5, 1000, 0.1, 2, 6, 10.0, 10, 12, 0.02, 0.001, 0.75, 1.0): (0.3832323232323232, 2.466666666666667) in 11.70s
720/810 (5, 1000, 0.1, 2, 6, 10.0, 10, 12, 0.02, 0.001, 0.75, 5.0): (0.4506602254428339, 2.3) in 15.10s
721/810 (5, 1000, 0.1, 2, 6, 10.0, 10, 12, 0.02, 0.01, 0.2, 0.2): (0.5451529790660223, 2.1333333333333333) in 15.76s
722/810 (5, 1000, 0.1, 2, 6, 10.0, 10, 12, 0.02, 0.01, 0.2, 1.0): (0.45629629629629614, 1.8) in 17.88s
723/810 (5, 1000, 0.1, 2, 6, 10.0, 10, 12, 0.02, 0.01, 0.2, 5.0): (0.42798711755233476, 1.6) in 21.52s
724/810 (5, 1000, 0.1, 2, 6, 10.0, 10, 12, 0.02, 0.01, 0.5, 0.2): (0.5639408578539012, 2.1333333333333333) in 13.30s
725/810 (5, 1000, 0.1, 2, 6, 10.0, 10, 12, 0.02, 0.01, 0.5, 1.0): (0.44624589581111296, 2.7333333333333334) in 16.01s
726/810 (5, 1000, 0.1, 2, 6, 10.0, 10, 12, 0.02, 0.01, 0.5, 5.0): (0.42576489533011247, 1.5333333333333334) in 32.80s
727/810 (5, 1000, 0.1, 2, 6, 10.0, 10, 12, 0.02, 0.01, 0.75, 0.2): (0.5137520128824475, 2.2) in 13.51s
728/810 (5, 1000, 0.1, 2, 6, 10.0, 10, 12, 0.02, 0.01, 0.75, 1.0): (0.44341635819896674, 2.433333333333333) in 15.69s
729/810 (5, 1000, 0.1, 2, 6, 10.0, 10, 12, 0.02, 0.01, 0.75, 5.0): (0.37681159420289845, 1.6666666666666667) in 78.28s
730/810 (5, 1000, 0.1, 2, 6, 10.0, 10, 12, 0.02, 0.02, 0.2, 0.2): (0.602081010776663, 2.3) in 16.55s
731/810 (5, 1000, 0.1, 2, 6, 10.0, 10, 12, 0.02, 0.02, 0.2, 1.0): (0.5465492090556027, 2.3) in 22.51s
732/810 (5, 1000, 0.1, 2, 6, 10.0, 10, 12, 0.02, 0.02, 0.2, 5.0): (0.4961352657004828, 1.6333333333333333) in 26.65s
733/810 (5, 1000, 0.1, 2, 6, 10.0, 10, 12, 0.02, 0.02, 0.5, 0.2): (0.6164251207729469, 2.1333333333333333) in 14.13s
734/810 (5, 1000, 0.1, 2, 6, 10.0, 10, 12, 0.02, 0.02, 0.5, 1.0): (0.45095008051529795, 2.566666666666667) in 16.05s
735/810 (5, 1000, 0.1, 2, 6, 10.0, 10, 12, 0.02, 0.02, 0.5, 5.0): (0.4503703703703701, 1.5666666666666667) in 44.10s
736/810 (5, 1000, 0.1, 2, 6, 10.0, 10, 12, 0.02, 0.02, 0.75, 0.2): (0.597745571658615, 2.066666666666667) in 14.01s
737/810 (5, 1000, 0.1, 2, 6, 10.0, 10, 12, 0.02, 0.02, 0.75, 1.0): (0.4393880837359097, 2.2666666666666666) in 14.84s
738/810 (5, 1000, 0.1, 2, 6, 10.0, 10, 12, 0.02, 0.02, 0.75, 5.0): (0.4296296296296294, 1.5) in 21.73s
739/810 (5, 1000, 0.1, 2, 6, 10.0, 10, 12, 0.02, 0.05, 0.2, 0.2): (0.6402576489533012, 2.2666666666666666) in 20.16s
740/810 (5, 1000, 0.1, 2, 6, 10.0, 10, 12, 0.02, 0.05, 0.2, 1.0): (0.601610305958132, 2.2666666666666666) in 32.60s
741/810 (5, 1000, 0.1, 2, 6, 10.0, 10, 12, 0.02, 0.05, 0.2, 5.0): (0.48177133655394505, 2.0) in 42.17s
742/810 (5, 1000, 0.1, 2, 6, 10.0, 10, 12, 0.02, 0.05, 0.5, 0.2): (0.5849919484702093, 2.066666666666667) in 17.29s
743/810 (5, 1000, 0.1, 2, 6, 10.0, 10, 12, 0.02, 0.05, 0.5, 1.0): (0.6004508856682768, 2.1333333333333333) in 29.96s
744/810 (5, 1000, 0.1, 2, 6, 10.0, 10, 12, 0.02, 0.05, 0.5, 5.0): (0.4059259259259257, 1.5333333333333334) in 28.96s
745/810 (5, 1000, 0.1, 2, 6, 10.0, 10, 12, 0.02, 0.05, 0.75, 0.2): (0.5186473429951688, 1.8333333333333333) in 16.21s
746/810 (5, 1000, 0.1, 2, 6, 10.0, 10, 12, 0.02, 0.05, 0.75, 1.0): (0.5116908212560384, 2.1) in 20.21s
747/810 (5, 1000, 0.1, 2, 6, 10.0, 10, 12, 0.02, 0.05, 0.75, 5.0): (0.47407407407407376, 1.5666666666666667) in 33.46s
748/810 (5, 1000, 0.1, 2, 6, 10.0, 10, 12, 0.02, 0.1, 0.2, 0.2): (0.6103176694481042, 2.3333333333333335) in 27.49s
749/810 (5, 1000, 0.1, 2, 6, 10.0, 10, 12, 0.02, 0.1, 0.2, 1.0): (0.6508856682769726, 2.3666666666666667) in 31.00s
750/810 (5, 1000, 0.1, 2, 6, 10.0, 10, 12, 0.02, 0.1, 0.2, 5.0): (0.5442834138486311, 1.7333333333333334) in 63.24s
751/810 (5, 1000, 0.1, 2, 6, 10.0, 10, 12, 0.02, 0.1, 0.5, 0.2): (0.6293075684380032, 2.0) in 21.25s
752/810 (5, 1000, 0.1, 2, 6, 10.0, 10, 12, 0.02, 0.1, 0.5, 1.0): (0.6106280193236714, 2.1666666666666665) in 15.74s
753/810 (5, 1000, 0.1, 2, 6, 10.0, 10, 12, 0.02, 0.1, 0.5, 5.0): (0.539259259259259, 1.7666666666666666) in 57.25s
754/810 (5, 1000, 0.1, 2, 6, 10.0, 10, 12, 0.02, 0.1, 0.75, 0.2): (0.603671497584541, 2.1666666666666665) in 19.67s
755/810 (5, 1000, 0.1, 2, 6, 10.0, 10, 12, 0.02, 0.1, 0.75, 1.0): (0.6311755233494363, 2.3666666666666667) in 14.68s
756/810 (5, 1000, 0.1, 2, 6, 10.0, 10, 12, 0.02, 0.1, 0.75, 5.0): (0.5540740740740738, 1.9333333333333333) in 60.31s
757/810 (5, 1000, 0.1, 2, 6, 10.0, 10, 12, 0.05, 0.0, 0.2, 0.2): (0.6147504025764895, 2.7333333333333334) in 27.03s
758/810 (5, 1000, 0.1, 2, 6, 10.0, 10, 12, 0.05, 0.0, 0.2, 1.0): (0.5186883326013759, 2.3333333333333335) in 22.49s
759/810 (5, 1000, 0.1, 2, 6, 10.0, 10, 12, 0.05, 0.0, 0.2, 5.0): (0.44347826086956493, 1.6666666666666667) in 23.89s
760/810 (5, 1000, 0.1, 2, 6, 10.0, 10, 12, 0.05, 0.0, 0.5, 0.2): (0.629243156199678, 2.5) in 22.75s
761/810 (5, 1000, 0.1, 2, 6, 10.0, 10, 12, 0.05, 0.0, 0.5, 1.0): (0.5473752012882446, 2.2666666666666666) in 20.42s
762/810 (5, 1000, 0.1, 2, 6, 10.0, 10, 12, 0.05, 0.0, 0.5, 5.0): (0.4535060752452054, 1.8333333333333333) in 20.04s
763/810 (5, 1000, 0.1, 2, 6, 10.0, 10, 12, 0.05, 0.0, 0.75, 0.2): (0.6085339459252502, 2.5) in 21.45s
764/810 (5, 1000, 0.1, 2, 6, 10.0, 10, 12, 0.05, 0.0, 0.75, 1.0): (0.5828019323671498, 2.4) in 20.19s
765/810 (5, 1000, 0.1, 2, 6, 10.0, 10, 12, 0.05, 0.0, 0.75, 5.0): (0.408148148148148, 1.7666666666666666) in 67.08s
766/810 (5, 1000, 0.1, 2, 6, 10.0, 10, 12, 0.05, 0.001, 0.2, 0.2): (0.6314975845410628, 2.9) in 26.92s
767/810 (5, 1000, 0.1, 2, 6, 10.0, 10, 12, 0.05, 0.001, 0.2, 1.0): (0.5294158981115501, 2.466666666666667) in 19.87s
768/810 (5, 1000, 0.1, 2, 6, 10.0, 10, 12, 0.05, 0.001, 0.2, 5.0): (0.46376811594202877, 1.9666666666666666) in 46.81s
769/810 (5, 1000, 0.1, 2, 6, 10.0, 10, 12, 0.05, 0.001, 0.5, 0.2): (0.5738808373590981, 2.4) in 23.34s
770/810 (5, 1000, 0.1, 2, 6, 10.0, 10, 12, 0.05, 0.001, 0.5, 1.0): (0.50634460547504, 2.4) in 18.67s
771/810 (5, 1000, 0.1, 2, 6, 10.0, 10, 12, 0.05, 0.001, 0.5, 5.0): (0.43397745571658597, 1.6) in 20.89s
772/810 (5, 1000, 0.1, 2, 6, 10.0, 10, 12, 0.05, 0.001, 0.75, 0.2): (0.6512077294685991, 2.3333333333333335) in 21.97s
773/810 (5, 1000, 0.1, 2, 6, 10.0, 10, 12, 0.05, 0.001, 0.75, 1.0): (0.551193090323525, 2.566666666666667) in 18.26s
774/810 (5, 1000, 0.1, 2, 6, 10.0, 10, 12, 0.05, 0.001, 0.75, 5.0): (0.44602633323860924, 1.7) in 53.86s
775/810 (5, 1000, 0.1, 2, 6, 10.0, 10, 12, 0.05, 0.01, 0.2, 0.2): (0.6303161284854648, 2.8) in 29.73s
776/810 (5, 1000, 0.1, 2, 6, 10.0, 10, 12, 0.05, 0.01, 0.2, 1.0): (0.6215092958571219, 2.5) in 33.77s
777/810 (5, 1000, 0.1, 2, 6, 10.0, 10, 12, 0.05, 0.01, 0.2, 5.0): (0.4774557165861512, 1.7) in 24.76s
778/810 (5, 1000, 0.1, 2, 6, 10.0, 10, 12, 0.05, 0.01, 0.5, 0.2): (0.6376365663322185, 2.466666666666667) in 23.89s
779/810 (5, 1000, 0.1, 2, 6, 10.0, 10, 12, 0.05, 0.01, 0.5, 1.0): (0.5876972624798711, 2.3333333333333335) in 21.09s
780/810 (5, 1000, 0.1, 2, 6, 10.0, 10, 12, 0.05, 0.01, 0.5, 5.0): (0.4840579710144926, 1.6666666666666667) in 26.88s
781/810 (5, 1000, 0.1, 2, 6, 10.0, 10, 12, 0.05, 0.01, 0.75, 0.2): (0.6441223832528179, 2.2666666666666666) in 23.13s
782/810 (5, 1000, 0.1, 2, 6, 10.0, 10, 12, 0.05, 0.01, 0.75, 1.0): (0.6065056360708534, 2.3666666666666667) in 21.78s
783/810 (5, 1000, 0.1, 2, 6, 10.0, 10, 12, 0.05, 0.01, 0.75, 5.0): (0.5297300369423129, 1.8666666666666667) in 53.33s
784/810 (5, 1000, 0.1, 2, 6, 10.0, 10, 12, 0.05, 0.02, 0.2, 0.2): (0.6404386995691344, 2.8) in 31.87s
785/810 (5, 1000, 0.1, 2, 6, 10.0, 10, 12, 0.05, 0.02, 0.2, 1.0): (0.5707890499194846, 2.3666666666666667) in 28.53s
786/810 (5, 1000, 0.1, 2, 6, 10.0, 10, 12, 0.05, 0.02, 0.2, 5.0): (0.49914883827927276, 1.8666666666666667) in 56.77s
787/810 (5, 1000, 0.1, 2, 6, 10.0, 10, 12, 0.05, 0.02, 0.5, 0.2): (0.6303161284854648, 2.533333333333333) in 25.81s
788/810 (5, 1000, 0.1, 2, 6, 10.0, 10, 12, 0.05, 0.02, 0.5, 1.0): (0.5946537842190015, 2.0) in 28.08s
789/810 (5, 1000, 0.1, 2, 6, 10.0, 10, 12, 0.05, 0.02, 0.5, 5.0): (0.46917874396135234, 1.8333333333333333) in 33.03s
790/810 (5, 1000, 0.1, 2, 6, 10.0, 10, 12, 0.05, 0.02, 0.75, 0.2): (0.6108695652173911, 2.066666666666667) in 24.02s
791/810 (5, 1000, 0.1, 2, 6, 10.0, 10, 12, 0.05, 0.02, 0.75, 1.0): (0.5598389694041866, 2.0) in 25.20s
792/810 (5, 1000, 0.1, 2, 6, 10.0, 10, 12, 0.05, 0.02, 0.75, 5.0): (0.49687600644122365, 1.9) in 25.19s
793/810 (5, 1000, 0.1, 2, 6, 10.0, 10, 12, 0.05, 0.05, 0.2, 0.2): (0.6628019323671498, 2.466666666666667) in 37.93s
794/810 (5, 1000, 0.1, 2, 6, 10.0, 10, 12, 0.05, 0.05, 0.2, 1.0): (0.6647342995169082, 2.1) in 50.30s
795/810 (5, 1000, 0.1, 2, 6, 10.0, 10, 12, 0.05, 0.05, 0.2, 5.0): (0.5583809105548234, 1.8666666666666667) in 57.97s
796/810 (5, 1000, 0.1, 2, 6, 10.0, 10, 12, 0.05, 0.05, 0.5, 0.2): (0.6608695652173913, 2.2333333333333334) in 29.48s
797/810 (5, 1000, 0.1, 2, 6, 10.0, 10, 12, 0.05, 0.05, 0.5, 1.0): (0.6539130434782608, 2.2) in 30.59s
798/810 (5, 1000, 0.1, 2, 6, 10.0, 10, 12, 0.05, 0.05, 0.5, 5.0): (0.5433327305450065, 2.0) in 51.49s
799/810 (5, 1000, 0.1, 2, 6, 10.0, 10, 12, 0.05, 0.05, 0.75, 0.2): (0.6293075684380032, 1.9666666666666666) in 26.92s
800/810 (5, 1000, 0.1, 2, 6, 10.0, 10, 12, 0.05, 0.05, 0.75, 1.0): (0.5943639291465377, 2.0) in 29.67s
801/810 (5, 1000, 0.1, 2, 6, 10.0, 10, 12, 0.05, 0.05, 0.75, 5.0): (0.49140096618357476, 2.0) in 33.63s
802/810 (5, 1000, 0.1, 2, 6, 10.0, 10, 12, 0.05, 0.1, 0.2, 0.2): (0.6647342995169082, 2.3) in 45.31s
803/810 (5, 1000, 0.1, 2, 6, 10.0, 10, 12, 0.05, 0.1, 0.2, 1.0): (0.6628019323671498, 2.1666666666666665) in 35.91s
804/810 (5, 1000, 0.1, 2, 6, 10.0, 10, 12, 0.05, 0.1, 0.2, 5.0): (0.5975523349436391, 2.033333333333333) in 83.63s
805/810 (5, 1000, 0.1, 2, 6, 10.0, 10, 12, 0.05, 0.1, 0.5, 0.2): (0.6589371980676328, 2.1333333333333333) in 34.62s
806/810 (5, 1000, 0.1, 2, 6, 10.0, 10, 12, 0.05, 0.1, 0.5, 1.0): (0.6370370370370371, 1.9333333333333333) in 24.39s
807/810 (5, 1000, 0.1, 2, 6, 10.0, 10, 12, 0.05, 0.1, 0.5, 5.0): (0.6521417069243156, 2.066666666666667) in 74.52s
808/810 (5, 1000, 0.1, 2, 6, 10.0, 10, 12, 0.05, 0.1, 0.75, 0.2): (0.6184863123993558, 2.1333333333333333) in 31.61s
809/810 (5, 1000, 0.1, 2, 6, 10.0, 10, 12, 0.05, 0.1, 0.75, 1.0): (0.6647342995169082, 2.033333333333333) in 21.09s
810/810 (5, 1000, 0.1, 2, 6, 10.0, 10, 12, 0.05, 0.1, 0.75, 5.0): (0.5847342995169081, 1.8333333333333333) in 63.84s

best: (0.6666666666666666, 2.066666666666667)
{'crossover_size_proportion': 0.2,
 'depth_softener': 6.0,
 'generations': 1000,
 'individuals_per_method_and_depth': 5,
 'max_depth': 12,
 'max_gen_depth': 6,
 'max_program_runtime_ms': 10,
 'min_gen_depth': 2,
 'mutation_chance': 0.05,
 'mutation_single_chance': 0.1,
 'p_grow_leaf': 0.1,
 'selection_pressure': 1.0}
